320 6407
0 10 28
0 46 7
0 48 49
0 72 27
0 77 29
0 79 42
0 88 40
0 94 43
0 124 22
0 137 43
0 146 18
0 148 41
0 151 37
0 171 36
0 173 13
0 188 46
0 199 46
0 205 42
0 218 35
0 221 24
0 257 18
0 261 11
0 279 43
0 301 37
1 15 2
1 28 7
1 36 21
1 93 7
1 112 8
1 123 15
1 128 38
1 138 13
1 144 41
1 147 3
1 153 38
1 163 24
1 168 3
1 229 21
1 237 24
1 240 24
1 247 12
1 289 33
1 290 10
1 311 45
1 317 29
2 34 39
2 58 13
2 59 49
2 97 25
2 102 48
2 121 18
2 125 13
2 130 25
2 141 46
2 163 40
2 178 21
2 202 17
2 207 24
2 222 29
2 258 11
2 278 41
2 281 24
2 283 17
2 284 22
2 287 16
2 302 5
2 305 21
3 10 27
3 30 39
3 37 21
3 52 50
3 116 28
3 125 24
3 147 12
3 161 19
3 163 32
3 166 36
3 173 4
3 182 40
3 188 29
3 192 37
3 197 26
3 210 43
3 224 7
3 227 27
3 229 16
3 243 16
3 248 1
3 255 14
3 256 21
3 262 43
3 266 39
3 278 15
4 2 22
4 7 18
4 39 1
4 40 21
4 53 4
4 61 19
4 67 11
4 69 24
4 77 45
4 94 8
4 96 44
4 100 16
4 141 50
4 145 47
4 167 6
4 172 6
4 178 29
4 217 37
4 229 42
4 237 34
4 270 46
4 298 44
5 13 26
5 27 40
5 45 44
5 88 29
5 92 4
5 98 4
5 99 43
5 110 48
5 129 36
5 161 37
5 190 13
5 202 18
5 210 24
5 215 34
5 245 34
5 288 6
5 292 19
5 317 6
6 30 32
6 31 3
6 34 27
6 36 46
6 40 39
6 45 29
6 55 19
6 58 45
6 67 13
6 94 12
6 103 21
6 125 43
6 136 13
6 211 17
6 217 27
6 225 9
6 313 15
7 19 11
7 24 1
7 58 15
7 59 1
7 72 1
7 88 10
7 101 50
7 157 20
7 203 43
7 204 43
7 213 20
7 215 27
7 216 32
7 221 24
7 222 7
7 239 28
7 252 3
7 259 35
7 277 25
7 303 23
8 1 32
8 10 19
8 25 39
8 31 8
8 69 28
8 86 5
8 105 41
8 114 27
8 136 47
8 164 37
8 186 41
8 273 36
8 277 43
9 41 23
9 49 32
9 55 44
9 60 22
9 83 11
9 105 42
9 109 34
9 111 21
9 116 21
9 128 15
9 129 21
9 158 16
9 161 17
9 169 36
9 213 41
9 225 29
9 241 16
9 260 26
9 284 36
9 288 24
9 317 24
10 36 30
10 67 37
10 80 10
10 111 42
10 113 44
10 148 15
10 160 42
10 168 43
10 192 39
10 207 33
10 232 25
10 260 28
10 283 32
10 287 48
10 288 35
11 0 30
11 5 6
11 42 9
11 47 20
11 53 49
11 56 9
11 69 8
11 119 23
11 140 43
11 157 13
11 161 38
11 162 38
11 201 42
11 224 42
11 227 36
11 244 29
11 262 2
12 3 50
12 17 1
12 18 48
12 46 42
12 53 25
12 101 9
12 123 25
12 129 16
12 143 43
12 149 50
12 162 30
12 185 26
12 206 50
12 223 31
12 240 26
12 250 8
12 264 43
12 268 12
12 285 4
12 293 28
12 303 8
12 312 40
12 317 39
13 4 29
13 6 29
13 56 16
13 66 3
13 68 10
13 106 29
13 118 19
13 150 2
13 166 26
13 178 19
13 195 26
13 205 2
13 277 20
13 299 50
14 1 50
14 13 40
14 17 7
14 23 49
14 29 34
14 35 30
14 40 40
14 48 11
14 53 21
14 58 27
14 71 35
14 129 12
14 161 33
14 178 22
14 195 7
14 198 11
14 201 8
14 205 7
14 256 35
14 267 40
14 284 10
14 294 35
14 297 49
14 319 10
15 30 13
15 34 44
15 51 16
15 60 21
15 64 24
15 96 20
15 145 41
15 148 29
15 161 6
15 173 2
15 184 25
15 186 10
15 247 20
15 253 16
15 255 36
15 273 36
15 283 36
15 315 6
15 319 38
16 2 37
16 6 1
16 8 32
16 67 40
16 72 41
16 99 50
16 109 15
16 123 40
16 132 5
16 140 11
16 154 4
16 164 24
16 172 30
16 203 39
16 220 13
16 223 47
16 239 13
16 247 23
16 279 7
16 287 20
16 296 29
16 307 26
16 317 6
17 25 30
17 34 50
17 37 47
17 49 18
17 54 23
17 70 48
17 103 43
17 124 49
17 137 44
17 180 39
17 183 41
17 201 36
17 214 12
17 227 22
17 255 36
17 257 14
17 263 2
17 265 47
17 275 20
17 278 35
17 279 31
17 295 37
17 309 35
17 313 42
18 17 43
18 19 9
18 23 46
18 39 47
18 76 37
18 115 35
18 122 50
18 127 29
18 173 47
18 189 25
18 193 10
18 211 14
18 227 6
18 234 28
18 245 34
18 251 26
18 267 22
18 307 37
18 309 20
18 319 32
19 8 33
19 27 15
19 28 19
19 63 12
19 82 8
19 106 14
19 116 8
19 119 11
19 141 39
19 148 17
19 159 45
19 160 10
19 182 28
19 198 40
19 226 37
19 235 46
19 240 48
19 242 16
19 243 13
19 256 23
19 274 47
19 280 22
19 282 1
19 284 30
19 304 19
20 52 14
20 53 27
20 54 11
20 61 38
20 90 12
20 95 47
20 97 35
20 114 22
20 118 24
20 140 33
20 176 27
20 191 30
20 216 7
20 266 40
20 267 2
20 287 10
20 293 33
20 298 47
21 2 49
21 4 32
21 9 18
21 26 21
21 39 13
21 66 21
21 67 35
21 80 13
21 87 32
21 88 17
21 91 9
21 125 26
21 129 10
21 200 28
21 214 26
21 221 17
21 227 18
21 244 33
22 10 33
22 13 2
22 28 19
22 40 19
22 46 41
22 48 16
22 49 31
22 73 32
22 91 46
22 103 45
22 105 44
22 118 17
22 130 47
22 132 35
22 145 47
22 146 27
22 166 19
22 177 7
22 205 9
22 210 10
22 243 7
22 246 44
22 261 20
22 269 22
22 293 8
22 302 15
23 7 35
23 16 16
23 48 34
23 87 34
23 115 14
23 139 17
23 140 3
23 163 44
23 179 44
23 188 35
23 200 50
23 204 43
23 208 48
23 226 48
23 242 12
23 247 8
23 252 3
23 275 6
23 286 31
23 288 32
23 291 29
23 319 45
24 29 23
24 46 17
24 68 32
24 75 24
24 76 41
24 84 2
24 87 43
24 100 20
24 120 11
24 160 23
24 214 18
24 233 9
24 236 31
24 244 41
24 250 3
24 271 46
24 281 4
24 308 21
24 318 26
25 5 7
25 13 5
25 15 50
25 21 48
25 37 31
25 50 42
25 102 31
25 129 6
25 177 29
25 182 14
25 209 25
25 217 4
25 234 41
25 236 4
25 273 22
25 283 10
25 293 29
25 312 12
26 24 32
26 35 1
26 43 13
26 48 11
26 68 28
26 107 45
26 140 27
26 166 14
26 171 13
26 182 16
26 184 33
26 216 36
26 217 45
26 233 50
26 276 21
26 311 16
27 56 37
27 61 35
27 71 7
27 180 48
27 183 38
27 206 43
27 217 25
27 234 40
27 235 12
27 249 5
27 265 42
27 266 34
27 272 48
27 279 5
27 286 40
27 288 9
27 294 35
27 302 39
27 303 32
27 306 11
27 307 20
28 6 17
28 15 26
28 16 33
28 19 8
28 32 28
28 41 14
28 42 19
28 47 14
28 49 41
28 51 50
28 64 44
28 78 49
28 94 40
28 111 43
28 136 24
28 148 30
28 150 36
28 173 11
28 223 4
28 226 50
28 229 17
28 240 47
28 282 8
28 292 18
28 303 50
28 310 35
28 314 42
29 10 4
29 23 44
29 32 43
29 59 22
29 75 6
29 82 27
29 97 38
29 123 34
29 133 9
29 145 6
29 170 13
29 174 30
29 178 19
29 188 46
29 196 36
29 201 6
29 219 36
29 242 23
29 251 17
29 283 30
29 286 38
29 315 23
29 316 46
30 5 20
30 12 19
30 14 40
30 38 12
30 52 27
30 65 38
30 88 35
30 101 7
30 102 15
30 111 27
30 116 35
30 118 49
30 139 20
30 151 10
30 159 6
30 198 49
30 214 39
30 216 50
30 228 50
30 244 42
30 269 25
30 277 9
30 312 8
31 14 7
31 21 22
31 45 1
31 65 26
31 76 9
31 87 6
31 92 15
31 96 22
31 97 17
31 105 43
31 110 9
31 141 24
31 154 46
31 168 35
31 180 47
31 188 21
31 233 23
31 247 8
31 250 47
31 273 9
31 293 9
31 299 30
31 301 22
31 307 35
31 310 47
31 318 36
32 21 20
32 35 22
32 66 38
32 80 25
32 89 42
32 108 17
32 147 40
32 150 23
32 163 6
32 167 33
32 189 6
32 193 12
32 203 50
32 206 22
32 243 20
32 249 46
32 264 37
32 272 29
32 283 7
32 296 48
32 299 45
32 308 50
32 311 26
32 317 3
33 35 4
33 43 40
33 45 20
33 54 2
33 67 31
33 93 41
33 94 42
33 95 12
33 101 2
33 102 12
33 116 40
33 124 12
33 131 42
33 132 15
33 168 34
33 170 45
33 194 11
33 212 27
33 220 47
33 234 19
33 287 31
33 291 15
33 294 34
33 311 22
33 317 47
34 15 5
34 29 9
34 40 45
34 57 25
34 112 44
34 135 40
34 198 5
34 202 10
34 206 38
34 211 38
34 212 20
34 219 21
34 251 8
34 266 38
34 275 15
34 277 14
34 278 39
34 291 28
35 5 1
35 22 22
35 56 46
35 120 48
35 132 43
35 149 17
35 204 18
35 224 14
35 230 41
35 231 5
35 236 11
35 273 15
35 276 21
35 285 15
36 31 48
36 41 29
36 65 43
36 79 46
36 90 44
36 116 49
36 135 15
36 150 5
36 166 28
36 167 22
36 173 2
36 185 4
36 210 21
36 214 7
36 216 8
36 221 4
36 230 14
36 237 46
36 254 34
36 256 36
36 270 8
36 283 38
36 301 44
36 302 44
36 303 4
36 308 27
36 311 41
37 13 31
37 32 19
37 38 9
37 40 37
37 48 36
37 64 31
37 72 5
37 78 2
37 95 16
37 97 14
37 104 39
37 145 7
37 148 18
37 160 29
37 167 18
37 191 32
37 228 43
37 257 24
37 262 4
37 272 47
37 281 5
38 49 32
38 54 19
38 64 12
38 71 20
38 79 28
38 144 50
38 195 37
38 198 1
38 207 39
38 220 40
38 231 43
38 235 7
38 259 42
38 272 21
38 275 24
38 279 22
38 298 13
38 301 24
38 307 37
39 1 39
39 14 4
39 30 14
39 74 8
39 102 15
39 114 27
39 140 41
39 142 15
39 152 26
39 154 23
39 158 26
39 173 23
39 189 14
39 197 39
39 219 9
39 220 49
39 230 35
39 236 24
39 273 17
39 276 49
39 319 2
40 11 39
40 20 23
40 25 20
40 50 29
40 51 1
40 105 28
40 151 26
40 159 30
40 192 7
40 201 13
40 261 8
40 281 27
40 294 18
41 2 13
41 6 2
41 23 14
41 26 2
41 65 2
41 73 40
41 108 2
41 138 36
41 139 6
41 144 49
41 166 21
41 174 23
41 223 17
41 232 36
41 256 10
41 262 15
41 267 18
41 279 25
41 292 22
41 298 45
42 21 39
42 70 33
42 93 23
42 115 2
42 125 11
42 134 31
42 136 44
42 152 10
42 160 21
42 173 37
42 178 24
42 183 30
42 192 28
42 198 29
42 207 21
42 208 20
42 213 46
42 235 29
42 241 18
42 254 48
42 278 7
42 292 48
42 296 11
43 3 11
43 10 48
43 23 34
43 37 13
43 40 49
43 65 7
43 77 50
43 80 21
43 101 27
43 116 3
43 143 44
43 169 17
43 171 13
43 176 47
43 197 5
43 202 19
43 206 39
43 209 49
43 244 16
43 250 24
43 260 25
43 275 25
44 5 34
44 8 36
44 10 14
44 26 13
44 32 14
44 51 19
44 53 31
44 57 4
44 60 45
44 73 31
44 88 4
44 131 9
44 138 30
44 149 34
44 150 42
44 151 28
44 152 30
44 169 20
44 183 30
44 184 30
44 212 37
44 231 12
44 234 7
44 269 30
44 271 9
44 300 37
44 314 8
44 315 24
44 317 17
45 8 20
45 33 9
45 35 23
45 46 37
45 68 40
45 90 2
45 91 35
45 107 50
45 112 16
45 131 38
45 143 21
45 158 24
45 185 32
45 228 8
45 229 33
45 233 14
45 246 32
45 247 13
45 264 17
46 13 37
46 14 14
46 22 28
46 31 14
46 44 26
46 55 18
46 59 10
46 66 26
46 88 10
46 102 25
46 146 46
46 168 32
46 206 37
46 222 18
46 228 38
46 236 50
46 239 36
46 265 17
46 267 25
46 270 24
46 313 45
47 0 8
47 16 34
47 52 21
47 68 3
47 82 14
47 124 24
47 139 20
47 142 36
47 145 24
47 164 49
47 215 26
47 243 38
47 248 35
47 250 14
47 270 22
47 279 26
48 13 23
48 22 14
48 24 20
48 28 43
48 33 18
48 47 16
48 58 35
48 67 45
48 74 10
48 77 36
48 88 31
48 91 39
48 119 49
48 122 4
48 125 25
48 133 9
48 154 19
48 166 27
48 168 40
48 172 19
48 180 37
48 202 24
48 215 23
48 222 4
48 232 33
48 236 4
48 251 34
48 259 17
48 288 8
48 293 50
48 303 6
49 26 28
49 27 7
49 47 44
49 53 5
49 56 33
49 59 30
49 60 20
49 61 18
49 85 32
49 94 38
49 112 43
49 124 34
49 151 9
49 162 8
49 163 26
49 180 36
49 256 22
49 264 4
49 269 29
49 279 26
49 281 19
50 65 8
50 89 40
50 95 40
50 106 46
50 118 36
50 122 22
50 153 50
50 165 34
50 173 18
50 210 1
50 215 39
50 233 26
50 311 27
51 2 4
51 21 16
51 30 19
51 134 13
51 140 44
51 145 26
51 155 30
51 174 5
51 190 27
51 192 9
51 200 39
51 232 44
51 243 45
51 261 45
51 293 40
51 319 32
52 19 42
52 21 50
52 55 19
52 103 33
52 127 16
52 136 12
52 150 24
52 192 7
52 195 41
52 209 49
52 223 4
52 235 1
52 252 38
52 253 3
52 271 7
52 277 24
53 4 10
53 31 26
53 46 15
53 64 15
53 65 42
53 69 2
53 71 6
53 107 40
53 108 48
53 116 23
53 117 9
53 121 40
53 154 37
53 166 14
53 177 44
53 190 36
53 208 49
53 212 3
53 219 7
53 246 26
53 258 16
53 259 12
53 261 8
53 307 9
54 22 29
54 33 21
54 35 2
54 42 29
54 44 3
54 45 23
54 94 13
54 109 38
54 110 46
54 117 47
54 142 33
54 146 23
54 149 15
54 151 31
54 192 25
54 205 33
54 229 40
54 231 13
54 243 37
54 261 20
54 267 39
54 270 35
54 287 14
54 292 50
54 307 8
55 11 24
55 74 48
55 93 8
55 109 14
55 117 14
55 141 24
55 162 33
55 183 19
55 191 13
55 199 24
55 207 4
55 214 23
55 226 4
55 236 44
55 249 18
55 273 29
55 297 36
55 303 34
55 306 43
56 1 35
56 24 32
56 41 33
56 52 42
56 59 47
56 60 33
56 68 7
56 101 43
56 104 14
56 106 46
56 111 3
56 113 20
56 136 43
56 153 38
56 166 38
56 174 36
56 178 20
56 208 28
56 258 22
56 260 12
56 303 49
56 314 2
57 4 4
57 12 50
57 30 4
57 32 16
57 79 25
57 81 27
57 132 50
57 159 20
57 187 36
57 202 18
57 214 1
57 259 17
57 266 30
57 288 12
57 289 12
57 298 42
57 312 7
58 9 13
58 27 6
58 30 44
58 50 46
58 56 45
58 94 47
58 131 8
58 138 3
58 150 12
58 161 18
58 176 45
58 183 24
58 185 27
58 194 21
58 232 16
58 244 24
58 256 24
58 258 10
58 288 32
59 12 39
59 26 10
59 29 30
59 38 2
59 48 15
59 53 9
59 82 47
59 87 36
59 101 1
59 126 31
59 132 17
59 138 11
59 153 29
59 164 46
59 169 48
59 178 10
59 212 49
59 227 20
59 252 3
59 257 3
59 287 18
59 312 41
60 7 23
60 37 28
60 46 13
60 54 36
60 55 5
60 57 19
60 76 35
60 78 39
60 92 34
60 100 42
60 113 40
60 115 10
60 117 31
60 140 6
60 157 15
60 182 24
60 216 10
60 245 14
60 250 25
60 307 35
61 34 29
61 91 18
61 99 9
61 108 28
61 111 11
61 134 46
61 137 31
61 143 37
61 152 25
61 155 21
61 188 33
61 195 36
61 247 47
61 252 26
61 308 18
62 88 22
62 104 39
62 109 28
62 113 9
62 115 17
62 141 36
62 144 9
62 168 7
62 170 29
62 189 13
62 202 11
62 208 48
62 212 37
62 223 18
62 235 24
62 248 47
62 261 40
62 273 28
62 287 6
62 319 25
63 1 10
63 30 1
63 31 22
63 45 1
63 79 11
63 83 46
63 115 35
63 128 18
63 134 33
63 147 46
63 161 12
63 173 25
63 191 5
63 198 12
63 216 35
63 226 47
63 247 9
63 249 47
63 253 44
63 258 19
63 261 14
63 278 17
63 284 45
63 297 32
63 303 15
63 318 16
64 23 45
64 47 39
64 55 37
64 60 15
64 65 2
64 79 33
64 90 50
64 133 32
64 162 17
64 171 29
64 175 28
64 212 41
64 238 23
64 253 7
64 265 11
64 286 43
64 319 48
65 8 41
65 45 1
65 60 34
65 75 37
65 98 50
65 99 21
65 102 10
65 107 28
65 112 30
65 122 37
65 146 21
65 157 14
65 165 14
65 177 25
65 190 15
65 200 30
65 208 19
65 217 37
65 218 19
65 239 19
65 276 10
65 292 35
66 23 39
66 31 12
66 53 8
66 56 31
66 58 19
66 79 36
66 101 4
66 110 44
66 120 1
66 127 15
66 220 29
66 223 29
66 243 43
66 251 9
66 260 32
66 281 15
66 298 30
66 309 22
67 18 31
67 26 41
67 33 9
67 50 43
67 51 41
67 142 27
67 160 3
67 170 4
67 175 18
67 178 49
67 220 14
67 253 37
67 259 39
67 298 25
67 312 22
68 21 27
68 38 47
68 59 14
68 78 48
68 91 46
68 152 47
68 198 3
68 203 44
68 206 22
68 208 9
68 222 20
68 279 2
68 307 32
68 309 22
68 313 26
69 12 48
69 17 3
69 25 44
69 91 14
69 142 19
69 161 45
69 181 41
69 204 7
69 210 40
69 219 48
69 237 33
69 250 8
69 278 25
69 289 39
70 8 39
70 19 18
70 34 16
70 37 34
70 127 35
70 128 1
70 129 43
70 132 1
70 136 7
70 151 36
70 171 29
70 204 22
70 255 50
70 263 34
70 307 17
70 313 37
71 2 43
71 30 39
71 90 14
71 98 14
71 99 43
71 100 48
71 133 45
71 141 38
71 148 7
71 155 45
71 186 46
71 205 38
71 226 33
71 248 30
71 253 20
71 266 6
71 294 32
71 310 47
72 10 32
72 37 31
72 63 29
72 78 12
72 100 45
72 121 26
72 153 28
72 167 1
72 176 29
72 180 40
72 185 36
72 231 36
72 251 48
72 275 18
72 284 49
72 296 49
72 313 20
73 11 40
73 31 19
73 51 12
73 56 48
73 82 47
73 93 22
73 100 8
73 105 45
73 150 1
73 164 47
73 207 49
73 208 22
73 220 14
73 226 26
73 231 35
73 239 49
73 241 4
73 242 27
73 264 29
73 305 29
73 309 19
74 22 14
74 50 2
74 60 38
74 63 12
74 98 14
74 136 37
74 166 11
74 168 7
74 187 19
74 218 45
74 235 7
74 236 46
74 268 37
74 273 1
75 5 7
75 12 14
75 39 11
75 47 2
75 76 33
75 96 45
75 104 3
75 105 32
75 114 39
75 120 39
75 142 31
75 146 24
75 148 35
75 171 14
75 177 25
75 188 23
75 195 46
75 208 7
75 222 29
75 247 14
75 248 37
75 308 30
75 310 12
76 9 20
76 23 18
76 32 21
76 50 1
76 55 9
76 56 30
76 62 20
76 71 11
76 77 20
76 82 16
76 125 47
76 130 14
76 138 8
76 140 40
76 156 8
76 199 45
76 201 8
76 216 6
76 217 17
76 264 35
76 273 35
76 276 17
76 291 40
76 294 46
76 299 15
76 303 49
77 19 3
77 39 45
77 45 12
77 55 35
77 81 34
77 89 33
77 116 33
77 120 31
77 145 25
77 155 21
77 166 32
77 201 7
77 226 20
77 229 9
77 265 12
77 282 27
77 290 34
77 295 47
77 297 35
77 309 10
77 312 3
77 315 5
77 317 4
78 5 22
78 7 11
78 31 38
78 39 2
78 94 24
78 120 40
78 146 7
78 151 36
78 166 2
78 187 23
78 189 9
78 218 2
78 224 48
78 243 45
78 254 42
78 261 35
78 263 26
78 264 15
78 278 41
78 305 42
78 308 16
78 317 37
79 6 4
79 19 20
79 50 29
79 67 40
79 70 15
79 87 35
79 97 47
79 102 13
79 131 22
79 152 32
79 155 50
79 170 17
79 196 41
79 197 8
79 205 36
79 236 35
79 249 27
79 251 32
79 278 15
79 308 17
80 20 24
80 88 33
80 104 49
80 118 33
80 133 3
80 144 38
80 157 42
80 159 20
80 172 11
80 184 44
80 185 17
80 211 33
80 235 20
80 256 37
80 314 17
80 317 24
81 2 37
81 5 44
81 18 5
81 36 22
81 96 47
81 97 5
81 160 43
81 182 25
81 185 37
81 200 35
81 202 20
81 208 43
81 234 11
81 237 12
81 245 1
81 249 2
81 260 18
81 263 8
81 271 42
81 295 9
82 3 46
82 7 6
82 30 39
82 45 17
82 52 24
82 92 41
82 113 2
82 117 3
82 147 3
82 154 27
82 160 44
82 174 43
82 196 29
82 197 44
82 284 12
82 311 10
82 315 3
83 14 37
83 22 23
83 31 49
83 61 2
83 70 23
83 89 5
83 93 26
83 135 22
83 154 18
83 179 48
83 190 33
83 200 42
83 207 4
83 213 48
83 292 29
83 294 37
83 295 46
83 297 16
83 319 48
84 3 7
84 43 2
84 44 12
84 87 40
84 111 43
84 113 43
84 137 21
84 139 16
84 150 7
84 173 49
84 174 37
84 219 29
84 258 27
84 259 1
84 264 17
84 272 12
84 278 33
84 292 41
84 308 5
84 310 6
85 28 6
85 35 45
85 65 4
85 88 32
85 116 33
85 123 5
85 131 5
85 144 47
85 151 8
85 156 39
85 167 49
85 198 2
85 218 13
85 231 33
85 233 13
85 234 43
86 10 8
86 17 27
86 18 33
86 32 14
86 44 4
86 82 46
86 87 3
86 106 15
86 108 42
86 113 12
86 129 35
86 135 38
86 154 42
86 161 39
86 169 24
86 198 48
86 203 4
86 263 16
86 265 15
86 281 49
86 293 1
86 300 49
86 309 5
86 312 5
86 313 50
87 10 20
87 23 48
87 28 38
87 43 32
87 72 29
87 74 37
87 78 4
87 124 49
87 130 16
87 136 16
87 141 20
87 155 44
87 160 28
87 175 28
87 199 15
87 216 7
87 225 41
87 231 29
87 260 20
87 264 6
88 2 28
88 6 5
88 35 30
88 39 39
88 64 40
88 67 2
88 86 34
88 107 50
88 110 39
88 113 29
88 134 37
88 146 50
88 166 8
88 181 35
88 185 12
88 238 42
88 242 13
88 250 8
88 251 28
88 252 38
88 291 48
89 12 12
89 28 6
89 40 46
89 52 10
89 92 42
89 106 40
89 113 42
89 145 31
89 146 19
89 181 13
89 184 46
89 185 37
89 187 24
89 201 49
89 205 39
89 215 43
89 235 7
89 243 26
89 274 2
89 283 47
89 302 2
90 1 5
90 39 30
90 42 48
90 44 39
90 45 8
90 91 31
90 93 39
90 106 18
90 109 43
90 120 21
90 134 13
90 135 6
90 138 37
90 150 43
90 153 26
90 180 2
90 188 36
90 189 33
90 210 19
90 219 36
90 239 44
90 264 30
90 269 36
90 288 7
90 313 35
91 26 33
91 36 40
91 37 12
91 45 39
91 68 23
91 69 39
91 84 18
91 120 9
91 140 34
91 147 26
91 158 20
91 160 9
91 181 19
91 195 44
91 245 48
91 248 20
91 252 24
92 28 33
92 43 18
92 64 24
92 65 46
92 72 5
92 107 30
92 122 40
92 148 8
92 149 26
92 159 8
92 184 6
92 227 50
92 236 25
92 266 22
92 278 28
92 291 14
92 294 13
92 298 42
92 300 43
92 311 8
92 312 49
93 3 24
93 16 43
93 81 43
93 84 36
93 85 8
93 111 29
93 132 11
93 141 38
93 146 20
93 164 6
93 165 41
93 169 39
93 170 30
93 171 35
93 222 24
93 282 42
93 283 38
93 284 22
93 288 44
93 300 36
93 310 6
93 314 50
94 26 8
94 68 16
94 99 2
94 108 49
94 129 36
94 137 20
94 153 31
94 170 38
94 181 4
94 265 42
94 267 16
94 275 49
94 286 26
94 299 49
94 312 26
95 7 37
95 22 23
95 130 29
95 165 20
95 187 15
95 189 48
95 230 14
95 245 27
95 247 14
95 307 31
96 8 37
96 11 36
96 17 12
96 19 30
96 40 40
96 59 2
96 77 6
96 93 17
96 117 38
96 142 20
96 171 3
96 202 34
96 241 1
96 259 36
96 266 39
96 281 7
96 287 8
96 295 16
97 5 25
97 8 25
97 9 35
97 42 1
97 47 11
97 59 50
97 80 19
97 86 23
97 121 26
97 135 43
97 138 23
97 140 8
97 188 43
97 190 49
97 199 31
97 221 1
97 235 2
97 237 11
97 246 21
97 267 34
97 268 5
97 280 48
97 299 37
97 304 2
97 314 1
98 50 9
98 61 30
98 71 34
98 103 43
98 111 15
98 127 20
98 135 37
98 145 47
98 147 45
98 152 50
98 180 48
98 189 27
98 201 42
98 223 40
98 229 33
98 231 19
98 238 17
98 251 10
98 262 19
98 277 44
98 308 9
98 313 41
98 314 19
99 14 13
99 18 15
99 35 18
99 77 17
99 86 10
99 96 32
99 124 22
99 132 10
99 146 12
99 147 3
99 151 22
99 163 45
99 178 15
99 180 3
99 217 29
99 219 21
99 259 39
99 264 22
99 301 23
99 305 20
99 307 8
99 311 5
100 14 2
100 41 30
100 42 36
100 58 29
100 59 44
100 67 24
100 73 49
100 133 3
100 138 25
100 210 14
100 211 22
100 227 30
100 241 44
100 243 26
100 268 23
100 293 27
101 1 18
101 11 47
101 28 32
101 45 37
101 54 50
101 84 21
101 138 40
101 148 50
101 170 33
101 177 7
101 247 49
101 272 6
102 26 45
102 29 39
102 55 41
102 69 14
102 77 33
102 116 2
102 167 43
102 204 7
102 207 48
102 212 23
102 225 1
102 230 2
102 232 32
102 266 21
102 274 24
102 275 43
102 315 13
102 316 43
102 319 31
103 4 50
103 30 29
103 33 48
103 41 40
103 50 23
103 84 16
103 90 12
103 108 9
103 110 2
103 116 32
103 117 43
103 140 12
103 164 4
103 189 39
103 204 9
103 206 50
103 213 18
103 231 2
103 235 6
103 243 46
103 250 24
103 260 5
103 266 46
103 272 44
103 283 36
103 286 5
103 291 26
104 8 24
104 13 23
104 17 24
104 23 41
104 27 12
104 42 19
104 44 46
104 53 46
104 57 33
104 58 11
104 66 44
104 82 50
104 87 39
104 91 35
104 96 11
104 117 16
104 123 32
104 124 28
104 127 17
104 134 22
104 152 7
104 160 9
104 201 31
104 204 34
104 223 5
104 250 25
104 261 4
104 300 14
104 305 43
104 307 23
104 311 24
105 3 49
105 11 21
105 24 37
105 28 15
105 45 22
105 47 11
105 49 48
105 65 46
105 80 7
105 82 26
105 91 4
105 107 33
105 128 15
105 140 36
105 171 41
105 174 4
105 184 8
105 195 15
105 198 11
105 206 31
105 219 12
105 232 41
105 240 24
105 276 10
105 278 35
105 313 3
106 22 1
106 45 6
106 49 20
106 51 25
106 81 49
106 85 25
106 107 9
106 131 28
106 150 16
106 153 48
106 181 41
106 190 21
106 226 29
106 253 47
106 263 18
106 275 17
106 277 40
106 278 31
106 285 1
106 288 3
106 313 18
107 26 46
107 53 1
107 70 41
107 75 45
107 122 43
107 146 17
107 172 49
107 173 7
107 183 7
107 196 4
107 206 28
107 211 30
107 217 40
107 219 19
107 235 35
107 249 20
107 266 16
107 269 7
107 297 39
107 310 1
107 312 20
107 317 5
108 38 47
108 39 22
108 94 3
108 110 10
108 112 17
108 118 43
108 123 49
108 170 50
108 176 12
108 183 4
108 202 37
108 210 22
108 211 19
108 214 28
108 224 26
108 230 36
108 244 47
108 255 5
108 278 43
108 284 33
108 296 24
108 317 49
109 17 1
109 18 40
109 101 9
109 130 34
109 134 10
109 144 28
109 161 24
109 182 37
109 204 30
109 233 36
109 249 43
109 270 42
109 300 9
109 316 32
110 2 3
110 8 10
110 43 38
110 55 10
110 77 4
110 84 36
110 90 23
110 117 36
110 141 42
110 150 26
110 158 13
110 170 31
110 179 27
110 224 7
110 236 46
110 246 2
110 247 8
110 252 44
110 258 39
110 270 42
110 275 9
110 286 23
110 295 10
110 308 40
111 53 3
111 70 12
111 93 4
111 119 28
111 131 19
111 149 37
111 155 32
111 159 15
111 201 2
111 217 40
111 218 45
111 221 13
111 237 41
111 242 16
111 253 45
111 267 38
111 289 6
111 308 5
111 314 42
112 32 18
112 37 44
112 57 46
112 91 1
112 170 4
112 188 27
112 190 13
112 197 40
112 239 17
112 246 20
112 278 7
112 301 35
113 1 34
113 6 27
113 25 33
113 48 36
113 53 4
113 112 14
113 115 13
113 169 24
113 175 50
113 176 27
113 185 39
113 222 35
113 230 34
113 234 14
113 245 50
113 259 29
113 274 33
114 7 46
114 9 22
114 26 18
114 40 31
114 46 20
114 58 18
114 76 28
114 80 46
114 87 19
114 138 19
114 152 25
114 171 13
114 223 11
114 237 36
114 265 25
114 266 14
114 268 17
114 275 20
114 276 27
114 281 24
114 319 32
115 5 43
115 65 3
115 83 23
115 85 11
115 99 32
115 105 39
115 162 24
115 181 48
115 196 2
115 231 7
115 269 21
115 273 28
116 15 20
116 57 32
116 58 18
116 64 24
116 66 3
116 95 18
116 106 9
116 107 24
116 135 50
116 160 39
116 168 37
116 170 11
116 177 12
116 181 27
116 213 7
116 217 30
116 244 29
116 284 20
116 303 47
116 318 22
116 319 20
117 11 15
117 26 21
117 60 31
117 67 45
117 87 6
117 95 21
117 100 26
117 102 11
117 129 8
117 157 10
117 176 29
117 183 39
117 188 14
117 196 39
117 205 11
117 218 19
117 222 5
117 235 45
117 266 1
117 278 14
117 298 31
117 300 50
118 16 22
118 66 10
118 96 1
118 98 28
118 99 24
118 125 14
118 145 10
118 165 12
118 248 40
118 249 26
118 283 14
118 289 11
118 305 37
119 28 49
119 34 43
119 38 10
119 51 29
119 52 50
119 72 46
119 78 1
119 89 48
119 92 8
119 100 8
119 112 14
119 116 19
119 126 18
119 142 30
119 149 2
119 157 49
119 163 11
119 178 38
119 192 31
119 197 19
119 200 20
119 216 25
119 217 33
119 225 18
119 228 10
119 240 14
119 245 15
119 256 41
119 268 8
119 269 22
119 270 14
119 275 18
120 11 36
120 17 50
120 20 31
120 23 34
120 70 22
120 82 18
120 107 20
120 113 35
120 115 29
120 134 34
120 136 39
120 137 28
120 138 36
120 141 43
120 169 25
120 172 33
120 199 1
120 231 35
120 234 32
120 261 24
120 313 7
120 317 37
121 44 3
121 74 7
121 76 40
121 80 2
121 102 31
121 112 11
121 132 45
121 171 25
121 172 15
121 186 17
121 188 33
121 189 31
121 218 14
121 222 21
121 263 41
121 288 31
121 293 22
121 303 38
122 10 12
122 64 13
122 72 48
122 75 40
122 84 43
122 85 20
122 93 6
122 103 49
122 105 39
122 116 38
122 126 24
122 136 35
122 140 41
122 156 19
122 174 11
122 226 19
122 231 43
122 252 30
122 291 35
123 5 27
123 21 24
123 47 31
123 60 26
123 91 11
123 104 1
123 125 45
123 140 42
123 142 23
123 193 44
123 194 33
123 207 8
123 210 38
123 231 35
123 255 1
123 261 36
123 289 4
123 317 19
124 11 10
124 17 19
124 21 41
124 24 21
124 45 21
124 57 47
124 82 5
124 93 12
124 107 28
124 156 47
124 196 27
124 205 3
124 206 36
124 251 25
124 273 24
124 295 2
125 24 46
125 40 13
125 66 24
125 74 8
125 83 26
125 91 33
125 93 43
125 94 1
125 133 49
125 152 23
125 164 48
125 166 11
125 183 24
125 219 20
125 225 18
125 227 26
125 241 6
125 287 29
125 289 18
125 307 2
125 312 8
125 314 47
125 315 9
126 16 32
126 62 16
126 83 21
126 92 8
126 99 30
126 103 28
126 133 3
126 139 14
126 174 18
126 192 36
126 197 48
126 198 49
126 216 24
126 235 45
126 253 11
126 267 11
126 269 38
126 298 47
126 311 19
126 315 33
127 68 17
127 86 26
127 91 41
127 143 25
127 150 23
127 185 6
127 240 24
127 257 3
127 259 20
127 270 16
127 287 47
128 13 50
128 15 28
128 18 39
128 33 26
128 60 28
128 64 20
128 72 3
128 88 42
128 115 12
128 137 39
128 142 41
128 161 3
128 162 32
128 167 1
128 173 33
128 206 40
128 208 45
128 221 9
128 244 42
128 252 38
128 274 49
129 27 5
129 35 43
129 46 11
129 63 42
129 78 9
129 84 44
129 96 15
129 105 25
129 126 4
129 146 17
129 156 23
129 176 46
129 188 39
129 232 13
129 236 19
129 240 19
129 244 17
129 246 10
129 249 49
129 271 1
129 282 33
129 298 11
129 299 33
129 317 19
130 11 35
130 19 25
130 40 3
130 44 49
130 67 46
130 71 10
130 84 7
130 96 38
130 101 49
130 128 16
130 131 31
130 148 31
130 157 26
130 164 32
130 167 48
130 168 15
130 184 15
130 187 4
130 207 48
130 208 17
130 281 31
130 295 23
130 309 43
130 312 3
130 318 26
131 11 26
131 21 46
131 40 24
131 51 23
131 59 3
131 81 37
131 90 25
131 104 10
131 111 39
131 155 29
131 163 31
131 173 48
131 188 22
131 219 17
131 229 27
131 248 28
131 260 6
131 303 49
131 319 30
132 9 40
132 19 17
132 24 29
132 33 37
132 111 34
132 125 8
132 167 50
132 202 22
132 204 4
132 211 14
132 243 42
132 255 26
132 300 47
132 306 2
132 312 23
133 73 13
133 79 25
133 98 32
133 99 23
133 106 49
133 123 13
133 219 12
133 225 22
133 230 46
133 240 46
133 241 46
133 262 50
133 272 31
133 284 13
133 310 40
134 48 40
134 49 6
134 58 41
134 67 12
134 71 47
134 100 1
134 106 35
134 107 33
134 119 43
134 120 44
134 140 33
134 145 3
134 150 4
134 178 29
134 182 2
134 191 38
134 220 9
134 248 5
134 274 12
134 277 37
134 283 13
134 294 48
134 299 6
134 304 11
134 307 11
135 6 17
135 34 2
135 54 39
135 62 17
135 76 7
135 84 44
135 86 25
135 102 3
135 107 2
135 111 22
135 118 43
135 120 41
135 139 7
135 153 3
135 159 3
135 186 32
135 202 4
135 215 24
135 227 24
135 238 8
135 242 34
135 243 13
135 259 44
136 32 28
136 36 44
136 39 7
136 42 35
136 94 41
136 99 11
136 112 12
136 142 3
136 167 7
136 178 42
136 200 45
136 214 9
136 219 1
136 243 43
136 272 15
136 277 12
136 287 6
137 9 40
137 23 2
137 44 27
137 49 19
137 72 12
137 101 24
137 104 18
137 121 50
137 127 7
137 130 45
137 145 23
137 149 43
137 164 43
137 186 26
137 205 47
137 228 32
137 260 50
137 294 17
137 315 5
138 8 26
138 13 3
138 32 10
138 50 4
138 59 45
138 83 30
138 88 25
138 97 38
138 135 19
138 143 42
138 145 7
138 151 39
138 163 19
138 189 30
138 191 34
138 199 39
138 217 50
138 222 18
138 227 46
138 229 42
138 263 38
138 286 31
138 294 9
138 316 40
139 5 4
139 9 38
139 35 22
139 76 32
139 106 45
139 124 25
139 129 38
139 182 24
139 183 5
139 192 17
139 206 13
139 236 5
139 237 33
139 265 38
139 266 40
139 277 49
139 297 21
139 299 44
139 313 41
140 0 49
140 4 43
140 35 2
140 39 31
140 81 37
140 110 41
140 161 20
140 167 8
140 170 16
140 182 30
140 183 17
140 206 15
140 207 33
140 213 19
140 242 28
140 270 33
140 305 25
140 308 38
141 29 20
141 49 20
141 58 16
141 60 12
141 64 2
141 68 29
141 88 41
141 104 5
141 114 45
141 118 32
141 177 23
141 203 29
141 214 25
141 228 28
141 235 32
142 23 16
142 24 34
142 41 13
142 65 24
142 113 46
142 118 7
142 135 40
142 166 34
142 194 2
142 204 15
142 205 25
142 206 22
142 217 45
142 222 1
142 223 11
142 251 30
142 279 30
142 285 14
142 297 47
142 298 21
142 299 2
142 309 38
142 317 45
143 18 21
143 28 17
143 30 23
143 36 45
143 45 30
143 49 33
143 68 33
143 81 30
143 84 23
143 140 28
143 208 32
143 235 37
143 238 23
143 251 32
143 297 49
143 309 27
144 11 4
144 23 5
144 35 46
144 46 42
144 70 45
144 75 15
144 83 20
144 98 10
144 113 35
144 130 46
144 133 40
144 135 41
144 150 50
144 154 45
144 167 9
144 200 27
144 204 7
144 219 32
144 223 31
144 265 46
144 283 33
144 284 48
144 301 4
145 8 31
145 23 7
145 35 47
145 69 44
145 75 16
145 84 9
145 89 8
145 91 11
145 122 38
145 137 21
145 139 22
145 184 41
145 194 23
145 241 7
145 262 18
145 275 3
145 283 48
145 312 45
146 5 26
146 7 34
146 13 36
146 95 18
146 104 2
146 105 20
146 156 25
146 173 46
146 175 44
146 180 12
146 187 36
146 210 10
146 241 16
146 247 47
146 248 1
146 265 47
146 267 43
146 278 42
146 283 11
146 288 36
147 9 6
147 60 14
147 65 45
147 78 4
147 122 12
147 132 50
147 165 41
147 177 15
147 182 36
147 199 8
147 200 48
147 221 37
147 233 20
147 247 36
147 256 25
147 261 33
147 264 9
147 267 35
147 299 24
147 306 24
147 315 38
148 8 3
148 10 8
148 35 12
148 74 26
148 104 1
148 106 27
148 112 23
148 130 48
148 137 1
148 154 29
148 162 4
148 165 8
148 167 34
148 193 45
148 208 17
148 217 27
148 218 13
148 232 37
148 234 37
148 265 48
148 293 19
148 297 12
148 314 31
148 319 3
149 27 28
149 28 15
149 48 33
149 58 5
149 59 24
149 67 44
149 72 13
149 92 10
149 112 21
149 152 44
149 165 13
149 178 31
149 182 3
149 186 39
149 192 49
149 199 40
149 206 50
149 212 27
149 232 48
149 250 50
149 290 41
149 300 45
149 316 19
150 2 3
150 9 36
150 11 14
150 12 27
150 54 3
150 59 47
150 70 13
150 101 48
150 102 43
150 137 44
150 160 14
150 202 36
150 205 39
150 224 5
150 247 18
150 278 15
150 304 34
150 305 6
151 11 38
151 35 18
151 49 9
151 52 5
151 54 8
151 68 36
151 107 45
151 121 42
151 140 36
151 157 6
151 164 11
151 191 20
151 206 22
151 208 26
151 219 36
151 238 29
151 249 24
151 300 38
151 304 21
151 312 49
151 315 25
152 6 12
152 26 34
152 36 5
152 47 33
152 75 44
152 114 25
152 121 18
152 123 42
152 138 39
152 150 24
152 179 22
152 188 16
152 201 38
152 216 19
152 242 2
152 295 40
152 296 15
152 306 36
153 10 37
153 13 17
153 38 33
153 41 2
153 61 41
153 62 42
153 84 37
153 88 38
153 91 31
153 109 38
153 118 8
153 157 30
153 167 38
153 186 9
153 216 24
153 240 13
153 242 37
153 247 35
153 254 47
154 25 33
154 76 11
154 77 16
154 84 5
154 102 20
154 113 30
154 135 25
154 139 6
154 149 9
154 162 40
154 166 12
154 170 38
154 218 48
154 219 29
154 227 18
154 236 18
154 237 41
154 239 38
154 278 42
154 302 49
154 316 12
155 0 44
155 16 6
155 29 39
155 34 15
155 45 43
155 66 3
155 101 22
155 120 40
155 142 47
155 160 16
155 175 8
155 186 44
155 195 13
155 233 23
155 235 25
155 268 33
155 286 9
155 315 44
156 3 13
156 9 40
156 45 13
156 85 21
156 89 50
156 93 9
156 103 49
156 110 24
156 117 50
156 121 26
156 125 17
156 133 8
156 151 6
156 153 41
156 166 11
156 168 12
156 181 44
156 208 26
156 227 43
156 231 40
156 274 20
156 280 12
156 287 1
157 6 48
157 19 4
157 35 4
157 56 39
157 59 20
157 98 34
157 100 9
157 115 47
157 130 26
157 152 33
157 158 10
157 171 37
157 179 35
157 188 14
157 199 18
157 207 18
157 249 38
157 274 40
157 275 27
157 313 22
157 318 10
158 34 43
158 36 44
158 39 31
158 88 20
158 101 6
158 120 37
158 123 24
158 132 12
158 138 11
158 140 6
158 145 5
158 148 44
158 154 10
158 175 1
158 188 25
158 193 34
158 194 14
158 221 24
158 223 32
158 238 50
158 242 46
158 261 44
158 264 38
158 278 17
158 298 47
158 299 34
158 313 19
159 0 15
159 11 50
159 23 10
159 56 1
159 60 9
159 65 24
159 116 16
159 133 14
159 170 15
159 187 40
159 215 35
159 312 32
160 6 12
160 36 18
160 41 4
160 49 50
160 65 13
160 81 35
160 83 37
160 130 21
160 162 37
160 164 23
160 166 11
160 168 46
160 191 6
160 196 12
160 199 24
160 210 22
160 240 26
160 247 1
160 255 7
160 259 35
160 260 46
160 298 18
160 305 10
160 318 5
161 5 33
161 12 22
161 14 24
161 28 20
161 47 30
161 57 46
161 104 8
161 105 8
161 147 40
161 148 30
161 184 31
161 213 9
161 229 35
161 242 17
161 267 35
161 294 28
161 300 22
162 19 3
162 20 44
162 42 22
162 43 2
162 44 12
162 95 48
162 106 20
162 159 8
162 172 16
162 182 11
162 206 7
162 210 25
162 212 36
162 221 10
162 232 13
162 233 31
162 255 26
162 267 50
163 8 44
163 19 11
163 20 21
163 21 40
163 24 45
163 35 16
163 71 31
163 93 2
163 108 47
163 139 44
163 152 30
163 156 43
163 194 27
163 202 17
163 203 12
163 207 27
163 218 47
163 254 37
163 257 40
163 274 8
163 276 38
163 283 31
163 293 3
163 314 41
163 319 50
164 24 17
164 30 43
164 42 13
164 59 12
164 77 16
164 123 44
164 126 21
164 168 41
164 203 25
164 205 12
164 214 26
164 221 48
164 241 44
164 287 2
164 297 30
164 300 12
164 307 24
164 312 20
165 4 25
165 8 29
165 48 9
165 50 30
165 62 38
165 70 20
165 109 12
165 118 39
165 119 28
165 128 20
165 136 22
165 177 35
165 182 30
165 188 44
165 189 50
165 197 29
165 233 14
165 238 45
165 241 23
165 268 25
165 278 49
165 303 11
165 315 45
166 26 17
166 32 44
166 40 47
166 42 34
166 49 43
166 52 24
166 71 43
166 73 11
166 79 21
166 88 41
166 103 3
166 112 45
166 129 48
166 134 46
166 160 33
166 193 12
166 224 14
166 225 9
166 232 50
166 276 17
166 278 14
166 318 32
167 31 1
167 32 43
167 43 10
167 112 45
167 119 46
167 126 41
167 147 7
167 154 35
167 163 15
167 177 14
167 181 45
167 197 15
167 202 41
167 210 41
167 236 18
167 249 48
167 258 38
167 269 50
167 272 38
167 298 30
167 312 36
167 316 42
168 25 37
168 59 50
168 72 24
168 74 10
168 119 41
168 128 24
168 160 42
168 196 35
168 198 21
168 204 3
168 206 31
168 212 40
168 238 5
168 239 32
168 243 29
168 246 22
168 254 40
168 259 25
168 264 30
168 265 1
168 274 30
168 303 48
168 308 29
168 315 49
169 4 8
169 17 42
169 25 35
169 38 19
169 41 46
169 44 11
169 73 7
169 80 9
169 94 32
169 120 23
169 133 43
169 138 42
169 145 17
169 149 30
169 152 20
169 173 10
169 210 5
169 224 16
169 234 29
169 249 47
169 294 21
169 300 42
169 313 39
170 5 34
170 8 5
170 23 33
170 31 38
170 50 40
170 66 20
170 73 29
170 84 43
170 104 42
170 116 33
170 123 34
170 127 30
170 151 13
170 164 24
170 183 16
170 184 15
170 185 14
170 191 4
170 200 9
170 208 29
170 218 50
170 237 16
170 254 30
170 262 20
170 302 35
171 7 35
171 40 2
171 48 4
171 63 41
171 74 3
171 80 17
171 100 21
171 102 4
171 104 41
171 111 19
171 124 50
171 131 26
171 134 43
171 151 3
171 177 13
171 181 2
171 213 42
171 225 32
171 258 50
171 278 13
172 4 25
172 5 5
172 32 21
172 34 40
172 47 33
172 83 47
172 94 3
172 120 8
172 121 7
172 123 7
172 155 35
172 157 30
172 162 34
172 166 5
172 206 2
172 217 10
172 224 39
172 283 3
172 298 5
172 313 11
173 24 26
173 29 14
173 48 33
173 87 20
173 125 2
173 150 31
173 175 17
173 180 16
173 213 5
173 218 10
173 223 38
173 237 12
173 291 18
173 315 46
174 1 4
174 21 12
174 40 40
174 54 26
174 68 50
174 74 10
174 102 34
174 114 27
174 118 10
174 132 18
174 154 3
174 155 7
174 161 11
174 163 28
174 194 48
174 208 31
174 216 17
174 235 23
174 253 41
174 297 45
174 312 48
174 313 18
175 9 23
175 11 20
175 21 7
175 49 3
175 70 24
175 84 33
175 101 3
175 126 28
175 131 41
175 134 17
175 150 10
175 151 39
175 178 37
175 201 15
175 242 48
175 246 9
175 269 46
175 272 23
175 283 29
176 13 25
176 19 22
176 57 16
176 67 6
176 76 45
176 116 21
176 123 40
176 164 48
176 167 4
176 185 14
176 204 3
176 208 29
176 216 41
176 235 1
176 259 23
176 261 19
176 275 19
176 286 24
176 300 9
176 309 26
177 32 31
177 33 31
177 117 33
177 136 32
177 144 12
177 171 47
177 202 19
177 222 37
177 234 38
177 293 30
178 13 46
178 23 3
178 26 6
178 33 42
178 34 4
178 66 13
178 68 49
178 71 19
178 103 12
178 119 9
178 121 16
178 173 38
178 204 33
178 231 45
178 250 41
178 260 38
178 264 6
178 271 16
178 281 10
178 307 28
178 308 17
178 309 18
179 26 32
179 36 40
179 60 10
179 74 45
179 75 41
179 80 20
179 127 6
179 154 2
179 163 46
179 171 12
179 182 16
179 185 27
179 219 25
179 233 33
179 271 3
179 278 47
179 281 10
179 303 37
179 314 34
180 6 30
180 8 22
180 18 34
180 35 48
180 44 22
180 50 19
180 53 43
180 69 45
180 123 19
180 154 11
180 158 6
180 166 10
180 170 4
180 172 22
180 177 44
180 182 38
180 190 10
180 199 7
180 200 8
180 217 15
180 233 20
180 248 14
180 280 41
180 310 12
181 4 18
181 5 2
181 8 11
181 18 18
181 21 12
181 30 48
181 48 12
181 71 8
181 99 11
181 131 19
181 142 29
181 144 33
181 146 50
181 149 18
181 176 24
181 177 38
181 187 29
181 218 50
181 237 47
181 238 33
181 278 35
181 290 28
181 298 28
181 305 29
181 312 18
182 11 15
182 34 47
182 44 8
182 45 28
182 57 25
182 58 43
182 63 27
182 98 46
182 108 28
182 121 24
182 132 4
182 135 24
182 195 24
182 213 18
182 225 46
182 235 33
182 237 16
182 243 46
182 250 14
182 255 31
182 269 25
182 271 10
182 276 38
182 319 20
183 6 35
183 18 27
183 22 50
183 23 10
183 60 10
183 64 45
183 95 23
183 98 7
183 117 30
183 126 42
183 152 16
183 174 4
183 210 36
183 230 14
183 291 19
183 294 50
183 296 11
183 298 2
184 15 19
184 58 46
184 60 31
184 92 18
184 124 47
184 126 12
184 160 46
184 172 44
184 195 27
184 196 39
184 217 12
184 218 21
184 231 48
184 244 38
184 269 29
185 14 19
185 25 47
185 33 38
185 53 9
185 73 15
185 110 14
185 122 24
185 127 2
185 136 5
185 139 9
185 149 38
185 168 16
185 172 4
185 183 9
185 208 18
185 221 35
185 224 28
185 229 36
185 235 9
185 254 29
185 256 13
185 313 14
185 318 35
186 2 35
186 23 16
186 38 2
186 39 25
186 63 19
186 87 35
186 93 18
186 105 29
186 106 22
186 113 16
186 170 47
186 197 34
186 214 47
186 226 1
186 232 2
186 243 8
186 262 46
186 279 40
186 281 46
186 284 12
186 291 32
187 40 50
187 64 28
187 75 14
187 87 7
187 100 7
187 118 45
187 126 6
187 141 12
187 158 27
187 160 37
187 181 44
187 195 45
187 238 48
187 255 50
187 278 28
187 312 6
187 317 12
188 12 1
188 30 37
188 62 3
188 66 3
188 133 11
188 141 13
188 161 36
188 178 17
188 196 50
188 227 40
188 235 9
188 253 38
188 270 2
188 274 20
188 305 13
189 17 30
189 36 13
189 62 7
189 70 8
189 71 31
189 105 30
189 137 40
189 188 33
189 219 41
189 230 27
189 231 31
189 254 24
189 256 5
189 282 11
189 309 39
189 316 36
190 63 16
190 66 38
190 69 10
190 70 46
190 76 34
190 107 34
190 111 9
190 127 32
190 163 48
190 174 27
190 202 39
190 205 34
190 221 24
190 234 41
191 8 29
191 29 50
191 40 29
191 54 45
191 78 48
191 81 49
191 135 22
191 145 28
191 162 12
191 165 10
191 169 7
191 184 49
191 206 49
191 211 32
191 228 20
191 249 27
191 266 10
191 268 37
191 276 15
191 293 33
191 312 19
192 18 36
192 31 28
192 46 40
192 57 10
192 64 41
192 85 12
192 103 35
192 149 3
192 158 28
192 185 31
192 197 34
192 200 28
192 257 48
192 262 19
192 296 6
192 299 27
192 308 10
193 28 31
193 29 45
193 46 7
193 51 43
193 80 13
193 115 24
193 122 12
193 123 30
193 149 34
193 179 8
193 192 5
193 224 10
193 231 39
193 245 17
193 252 15
193 279 31
193 283 48
193 296 36
194 3 42
194 15 30
194 44 12
194 52 6
194 58 25
194 71 41
194 94 14
194 95 32
194 105 40
194 113 45
194 124 2
194 144 32
194 149 48
194 153 4
194 162 50
194 163 9
194 164 49
194 260 34
194 278 17
194 281 14
195 19 2
195 39 17
195 47 20
195 67 49
195 94 29
195 96 11
195 105 2
195 166 44
195 168 43
195 169 43
195 173 7
195 205 35
195 217 43
195 230 21
195 242 49
195 247 31
195 279 15
195 289 31
195 303 18
196 0 8
196 8 35
196 9 5
196 45 40
196 47 15
196 78 6
196 79 4
196 86 25
196 87 46
196 93 33
196 107 1
196 108 21
196 114 8
196 123 14
196 152 24
196 166 12
196 180 47
196 182 31
196 190 21
196 205 49
196 219 39
196 247 2
196 259 39
196 274 13
196 276 48
196 290 3
196 310 8
197 49 25
197 70 34
197 75 38
197 81 6
197 86 50
197 118 29
197 122 4
197 129 37
197 149 44
197 178 28
197 196 44
197 198 35
197 278 20
197 299 44
197 303 40
197 313 4
198 24 40
198 29 46
198 50 32
198 51 17
198 66 36
198 84 25
198 111 3
198 128 38
198 129 50
198 134 39
198 152 4
198 156 3
198 172 33
198 176 27
198 180 41
198 197 1
198 202 5
198 213 10
198 220 37
198 241 22
198 242 13
198 260 37
198 264 40
198 282 50
198 300 25
198 312 6
199 1 32
199 15 27
199 33 5
199 79 11
199 99 10
199 148 23
199 169 38
199 180 40
199 193 3
199 208 45
199 224 9
199 228 33
199 232 30
199 234 44
199 238 50
199 247 45
199 282 19
199 296 17
199 304 4
199 306 48
199 309 31
200 30 41
200 49 28
200 73 22
200 77 49
200 91 11
200 103 10
200 112 38
200 137 43
200 146 37
200 148 29
200 159 10
200 168 44
200 211 3
200 218 32
200 223 2
200 224 46
200 230 22
200 306 19
200 315 7
200 319 9
201 2 36
201 4 33
201 11 12
201 19 17
201 24 49
201 25 17
201 27 13
201 28 39
201 60 5
201 105 28
201 111 6
201 144 39
201 162 20
201 164 24
201 232 3
201 265 43
201 269 18
201 281 27
201 302 10
201 304 43
201 309 42
202 7 1
202 23 39
202 26 23
202 32 7
202 40 12
202 54 29
202 62 13
202 76 35
202 78 48
202 93 10
202 107 44
202 115 37
202 118 50
202 128 47
202 141 31
202 170 23
202 198 15
202 216 26
202 223 22
202 238 17
202 247 33
202 265 30
202 279 40
202 290 25
202 295 27
202 312 19
203 2 20
203 11 43
203 31 19
203 33 18
203 46 40
203 64 9
203 78 34
203 81 34
203 87 20
203 113 15
203 119 14
203 124 18
203 126 30
203 129 8
203 132 3
203 146 4
203 168 33
203 178 24
203 267 16
203 290 3
203 310 19
203 313 25
203 315 47
204 3 32
204 9 22
204 27 6
204 33 50
204 65 28
204 77 7
204 80 21
204 84 24
204 112 47
204 120 5
204 134 31
204 156 24
204 172 49
204 186 38
204 224 38
204 252 41
204 291 18
204 299 38
204 301 35
204 304 40
205 16 17
205 31 19
205 41 11
205 60 17
205 67 46
205 88 9
205 122 5
205 125 12
205 146 41
205 159 34
205 183 32
205 184 28
205 196 23
205 202 33
205 216 20
205 239 39
205 242 32
205 245 10
205 246 16
205 247 41
205 256 39
205 267 50
205 290 9
205 291 5
205 312 8
205 317 44
206 11 9
206 15 41
206 20 25
206 40 49
206 42 47
206 51 34
206 92 23
206 94 48
206 98 26
206 105 18
206 125 46
206 144 26
206 166 3
206 186 27
206 195 7
206 196 48
206 258 12
206 268 18
206 284 32
206 292 3
206 293 10
206 299 31
206 300 24
206 310 43
206 313 36
207 9 50
207 28 11
207 52 22
207 58 13
207 88 49
207 89 47
207 105 40
207 110 35
207 137 48
207 139 22
207 142 23
207 165 45
207 202 6
207 206 48
207 231 30
207 235 38
207 254 21
207 258 11
207 281 3
207 317 47
208 12 10
208 14 23
208 21 44
208 23 43
208 32 26
208 41 22
208 42 33
208 52 27
208 89 43
208 156 11
208 168 32
208 193 24
208 201 11
208 205 37
208 206 5
208 224 39
208 231 25
208 241 34
208 251 49
208 253 43
208 262 39
208 278 31
208 288 48
208 301 2
208 311 34
208 312 31
209 1 38
209 22 47
209 61 30
209 65 21
209 85 42
209 97 41
209 117 23
209 122 18
209 141 41
209 149 45
209 160 35
209 185 43
209 198 38
209 204 49
209 219 4
209 222 31
209 225 40
209 234 39
209 272 19
209 273 36
209 298 33
210 43 47
210 55 3
210 75 50
210 136 13
210 154 25
210 158 11
210 168 27
210 172 26
210 196 43
210 202 26
210 225 47
210 236 33
210 238 23
210 239 15
210 306 19
210 307 47
210 310 32
211 27 21
211 30 20
211 35 41
211 45 48
211 77 13
211 89 49
211 91 14
211 92 14
211 93 28
211 98 23
211 103 1
211 107 30
211 111 26
211 124 24
211 132 4
211 143 2
211 165 2
211 166 13
211 177 5
211 205 14
211 217 6
211 236 44
211 241 29
211 242 18
211 256 41
211 257 23
211 260 24
211 288 13
211 300 11
211 316 23
211 319 32
212 13 26
212 18 33
212 21 24
212 33 7
212 34 31
212 44 17
212 73 11
212 109 17
212 121 22
212 123 42
212 232 31
212 241 36
212 249 22
212 259 13
212 284 32
212 288 3
212 310 32
213 12 21
213 24 21
213 30 14
213 34 50
213 61 26
213 63 26
213 96 42
213 124 5
213 148 42
213 149 37
213 150 27
213 166 6
213 183 6
213 200 9
213 217 12
213 245 44
213 247 47
213 268 23
214 10 50
214 13 11
214 32 9
214 48 9
214 49 33
214 72 6
214 99 34
214 112 33
214 116 31
214 134 18
214 176 29
214 177 17
214 203 5
214 211 1
214 226 29
214 285 50
214 297 49
215 2 6
215 6 36
215 23 49
215 34 30
215 51 49
215 61 21
215 67 17
215 95 28
215 110 47
215 126 19
215 145 49
215 152 36
215 177 3
215 203 22
215 204 17
215 220 7
215 240 28
215 266 10
215 270 33
215 275 43
215 287 38
215 292 40
216 21 12
216 24 41
216 40 28
216 104 16
216 129 3
216 131 47
216 141 31
216 153 28
216 190 25
216 241 27
216 252 47
216 254 33
216 270 44
216 304 50
216 310 38
217 8 19
217 25 32
217 28 36
217 42 8
217 47 7
217 50 10
217 56 40
217 93 24
217 100 26
217 109 5
217 118 49
217 126 2
217 142 15
217 145 2
217 153 35
217 186 26
217 218 7
217 227 31
217 249 26
217 255 12
217 261 9
217 272 28
217 276 25
217 279 11
218 10 3
218 27 16
218 35 10
218 58 49
218 73 26
218 77 38
218 78 26
218 130 16
218 135 27
218 147 2
218 155 28
218 176 10
218 177 26
218 179 7
218 234 19
218 241 25
218 244 9
218 280 43
218 288 40
218 297 6
218 301 15
219 7 4
219 39 31
219 87 45
219 120 43
219 129 34
219 150 3
219 152 5
219 154 44
219 174 7
219 180 41
219 202 9
219 204 49
219 215 2
219 222 29
220 44 1
220 49 39
220 84 9
220 100 7
220 123 25
220 145 14
220 146 46
220 153 22
220 175 11
220 216 26
220 229 44
220 249 27
220 303 31
220 308 47
220 310 40
220 314 32
220 315 13
221 75 11
221 86 18
221 119 19
221 133 5
221 151 43
221 165 1
221 170 20
221 186 47
221 196 8
221 198 47
221 227 24
221 256 4
221 298 30
221 302 8
221 318 24
222 11 41
222 28 30
222 32 49
222 41 24
222 46 11
222 85 34
222 93 12
222 113 18
222 116 30
222 130 8
222 131 26
222 143 9
222 193 40
222 200 12
222 211 18
222 232 6
222 236 23
222 257 47
222 258 44
222 261 3
222 280 11
222 299 31
222 305 10
222 307 1
223 41 46
223 42 19
223 44 48
223 64 22
223 77 45
223 107 30
223 114 5
223 116 3
223 125 9
223 134 48
223 148 31
223 150 38
223 158 34
223 167 18
223 168 45
223 169 5
223 183 15
223 216 31
223 221 39
223 227 42
223 248 42
223 273 37
223 276 39
223 280 28
224 5 10
224 17 25
224 23 41
224 28 17
224 41 41
224 64 10
224 68 23
224 71 33
224 86 13
224 111 28
224 114 15
224 120 44
224 121 8
224 163 4
224 208 20
224 214 19
224 234 3
224 242 20
224 248 23
224 278 10
224 316 44
224 318 13
225 5 38
225 8 8
225 31 16
225 36 39
225 41 24
225 95 6
225 108 2
225 114 39
225 121 29
225 140 38
225 157 34
225 158 20
225 161 12
225 177 37
225 207 18
225 216 6
225 247 1
225 313 18
225 315 1
226 64 23
226 73 28
226 79 18
226 88 30
226 91 50
226 104 7
226 141 9
226 143 46
226 153 5
226 155 13
226 189 16
226 202 46
226 223 11
226 235 42
226 237 20
226 264 20
226 268 30
226 272 21
226 274 30
226 289 13
226 307 43
226 314 15
227 6 30
227 36 11
227 43 50
227 46 25
227 67 48
227 92 13
227 143 9
227 157 23
227 196 46
227 210 29
227 216 31
227 255 35
227 292 44
227 301 38
227 306 11
227 314 47
228 4 1
228 19 40
228 44 46
228 69 49
228 71 14
228 79 46
228 96 13
228 111 38
228 112 26
228 116 38
228 126 49
228 142 3
228 153 13
228 159 2
228 172 33
228 212 7
228 238 28
228 247 40
228 264 38
228 269 11
228 273 34
228 297 37
229 9 39
229 17 17
229 22 26
229 23 13
229 28 40
229 33 10
229 98 12
229 103 9
229 117 28
229 119 14
229 131 4
229 138 1
229 181 8
229 199 22
229 200 25
229 207 20
229 231 26
229 248 13
229 274 33
229 283 18
229 292 25
229 295 15
230 7 44
230 18 38
230 34 10
230 45 44
230 57 49
230 62 32
230 67 35
230 76 13
230 78 47
230 94 41
230 104 27
230 192 12
230 209 38
230 231 24
230 232 17
230 239 4
230 247 34
230 265 16
230 271 40
231 1 39
231 25 36
231 27 23
231 32 35
231 36 37
231 52 19
231 66 13
231 88 30
231 89 31
231 150 4
231 197 25
231 232 37
231 249 37
231 253 2
231 255 34
231 261 43
231 275 36
231 281 8
231 308 3
232 12 4
232 17 4
232 34 8
232 52 16
232 77 39
232 81 38
232 110 45
232 156 28
232 195 31
232 212 17
232 238 35
232 255 4
232 258 16
232 271 16
232 275 29
232 294 36
232 309 20
232 318 46
233 20 3
233 88 10
233 96 19
233 105 37
233 116 49
233 118 12
233 134 21
233 154 37
233 158 11
233 162 8
233 175 33
233 199 49
233 204 14
233 220 33
233 275 15
233 281 1
233 294 14
233 298 35
233 303 18
234 34 22
234 64 18
234 71 16
234 78 14
234 83 43
234 108 11
234 118 13
234 121 35
234 191 29
234 196 30
234 218 12
234 246 18
234 257 33
234 258 4
234 260 35
234 272 8
235 12 43
235 37 32
235 48 20
235 63 9
235 88 11
235 100 13
235 123 22
235 127 19
235 170 12
235 171 41
235 178 30
235 187 28
235 191 20
235 201 14
235 218 17
235 221 11
235 225 18
235 270 42
235 277 18
235 287 13
235 291 25
235 296 48
235 312 9
236 23 36
236 24 48
236 25 12
236 52 34
236 77 19
236 85 1
236 94 14
236 107 33
236 120 50
236 154 18
236 170 9
236 183 22
236 216 3
236 300 49
236 304 48
236 314 37
237 39 2
237 43 23
237 49 28
237 71 50
237 74 7
237 91 25
237 93 22
237 102 31
237 110 16
237 150 42
237 163 43
237 190 49
237 207 9
237 233 21
237 243 11
237 244 29
237 252 3
237 302 22
237 318 36
238 15 8
238 23 39
238 29 16
238 50 28
238 61 14
238 62 36
238 72 47
238 75 11
238 113 35
238 114 34
238 115 2
238 131 26
238 135 48
238 141 8
238 146 41
238 160 20
238 171 21
238 174 12
238 185 33
238 195 34
238 241 10
238 243 41
238 244 8
238 245 30
238 258 2
238 288 32
238 289 46
238 293 15
239 18 38
239 60 11
239 97 31
239 119 6
239 137 21
239 148 24
239 162 2
239 168 8
239 173 49
239 174 26
239 176 38
239 191 50
239 265 18
239 272 38
239 295 40
239 306 12
239 319 24
240 0 44
240 4 9
240 17 16
240 23 17
240 42 31
240 59 2
240 110 28
240 116 49
240 140 19
240 143 25
240 144 5
240 160 17
240 190 32
240 191 23
240 229 49
240 264 45
240 296 44
240 312 49
240 319 6
241 14 5
241 19 30
241 40 39
241 63 29
241 70 13
241 72 22
241 79 38
241 110 20
241 130 9
241 149 38
241 152 27
241 157 6
241 171 9
241 204 4
241 242 9
241 248 9
241 250 21
241 251 3
241 254 21
241 258 34
241 291 5
241 298 5
241 308 14
241 314 21
242 34 12
242 48 1
242 59 2
242 60 34
242 62 29
242 94 32
242 106 37
242 146 39
242 153 24
242 186 19
242 203 8
242 234 46
242 240 20
242 278 5
242 300 30
242 306 36
242 313 32
242 319 48
243 60 18
243 71 31
243 110 8
243 119 31
243 123 27
243 130 42
243 157 33
243 197 49
243 219 28
243 224 14
243 227 30
243 234 10
243 253 43
243 256 21
243 262 27
243 264 24
243 274 47
243 278 28
243 282 33
243 284 29
243 295 4
243 299 4
243 315 10
244 1 26
244 12 24
244 13 21
244 22 16
244 34 2
244 49 11
244 65 26
244 67 47
244 83 42
244 84 29
244 220 1
244 232 3
244 275 14
244 299 39
244 308 25
245 9 23
245 10 8
245 13 45
245 16 21
245 27 30
245 75 48
245 88 24
245 96 10
245 104 10
245 110 30
245 140 16
245 217 12
245 219 43
245 228 47
245 235 9
245 253 26
245 263 10
245 264 1
245 267 29
245 274 38
245 283 12
245 289 21
246 10 3
246 33 7
246 51 26
246 91 29
246 93 17
246 101 15
246 102 42
246 114 25
246 122 49
246 128 46
246 141 22
246 165 13
246 174 50
246 183 8
246 195 30
246 200 33
246 212 27
246 223 18
246 234 3
246 237 22
246 244 25
246 248 44
246 250 50
246 253 42
246 297 42
246 303 31
246 319 38
247 60 11
247 136 10
247 150 14
247 168 49
247 180 21
247 194 12
247 208 34
247 230 23
247 233 28
247 237 42
247 249 2
247 264 48
247 278 9
247 282 22
247 287 24
248 9 22
248 21 1
248 22 7
248 27 34
248 30 40
248 36 6
248 45 7
248 89 50
248 101 28
248 143 6
248 155 43
248 157 21
248 172 45
248 178 11
248 181 27
248 266 31
248 284 21
248 290 7
248 303 48
249 14 9
249 17 23
249 34 12
249 41 47
249 51 39
249 61 7
249 65 40
249 95 33
249 150 44
249 168 43
249 172 42
249 177 5
249 182 6
249 188 14
249 215 8
249 233 30
249 236 10
249 267 3
249 284 6
249 288 47
249 292 47
249 299 5
250 0 17
250 2 39
250 15 32
250 27 8
250 32 27
250 40 38
250 75 42
250 85 9
250 105 30
250 112 44
250 116 50
250 141 32
250 145 45
250 172 22
250 186 44
250 208 5
250 220 7
250 232 5
250 238 32
250 260 8
250 279 33
250 295 10
250 306 34
251 6 12
251 30 11
251 39 20
251 69 33
251 96 14
251 99 2
251 101 49
251 107 43
251 117 5
251 125 26
251 159 10
251 172 44
251 211 18
251 230 24
251 239 24
251 264 4
251 272 20
251 286 10
252 21 37
252 29 38
252 35 30
252 55 39
252 61 31
252 135 40
252 136 13
252 168 44
252 170 50
252 199 29
252 221 33
252 244 16
252 246 6
252 269 50
252 297 30
252 303 11
252 312 4
252 315 36
253 9 25
253 19 42
253 30 35
253 94 11
253 164 4
253 173 4
253 197 34
253 228 8
253 240 14
253 249 44
253 273 39
253 287 18
253 291 42
254 8 46
254 55 41
254 133 45
254 139 40
254 140 42
254 143 42
254 170 38
254 171 26
254 202 29
254 206 44
254 210 46
254 231 4
254 246 26
254 275 17
254 284 8
254 290 20
254 294 47
254 310 3
255 25 37
255 34 3
255 37 8
255 43 46
255 48 8
255 52 23
255 53 47
255 77 46
255 106 4
255 180 25
255 182 49
255 227 18
255 231 19
255 250 22
255 305 41
255 311 44
255 313 35
256 43 44
256 45 36
256 47 34
256 54 33
256 67 42
256 103 3
256 118 18
256 134 19
256 156 20
256 184 2
256 205 11
256 233 36
256 265 15
256 268 18
256 270 4
256 292 2
256 303 46
256 304 19
256 315 3
257 1 7
257 22 44
257 50 3
257 51 7
257 60 14
257 65 43
257 83 44
257 108 11
257 109 3
257 111 47
257 114 35
257 116 15
257 125 2
257 133 17
257 144 12
257 161 40
257 234 25
257 268 21
257 270 27
257 295 16
257 303 19
258 8 44
258 33 37
258 55 16
258 92 5
258 103 19
258 139 35
258 148 33
258 176 11
258 182 38
258 198 45
258 228 2
258 234 34
258 247 16
258 255 33
258 271 37
258 295 18
259 7 18
259 19 12
259 21 48
259 72 30
259 80 42
259 89 50
259 99 38
259 107 3
259 121 31
259 160 23
259 167 42
259 172 45
259 173 38
259 211 12
259 212 19
259 213 15
259 216 39
259 230 14
259 234 43
259 261 3
259 268 50
259 272 15
259 273 16
259 307 37
260 73 30
260 85 38
260 104 28
260 120 11
260 147 1
260 174 45
260 175 5
260 191 44
260 221 26
260 236 16
260 261 47
260 273 21
260 284 24
260 286 24
261 22 30
261 23 30
261 34 18
261 48 29
261 55 25
261 95 11
261 128 45
261 130 30
261 133 14
261 140 42
261 152 3
261 159 33
261 166 36
261 177 38
261 183 28
261 221 50
261 239 33
261 243 48
261 265 33
261 288 19
262 6 41
262 34 33
262 44 8
262 56 26
262 67 43
262 70 8
262 88 45
262 151 32
262 176 31
262 196 43
262 207 49
262 221 14
262 244 14
262 288 23
263 8 33
263 19 13
263 37 40
263 43 48
263 95 3
263 103 28
263 110 34
263 152 20
263 164 32
263 170 16
263 230 24
263 254 9
263 265 19
263 269 20
263 279 43
263 301 9
264 22 23
264 23 35
264 30 47
264 39 36
264 62 38
264 81 25
264 89 18
264 90 28
264 112 29
264 118 31
264 125 6
264 143 35
264 148 46
264 154 10
264 183 40
264 191 44
264 205 30
264 232 15
264 242 30
264 263 6
264 279 38
264 310 15
264 318 48
265 42 48
265 63 5
265 64 20
265 81 23
265 88 4
265 92 23
265 96 15
265 110 44
265 120 19
265 146 32
265 210 18
265 230 45
265 234 2
265 246 33
265 247 21
265 249 39
265 262 39
265 266 9
265 297 50
265 311 50
266 1 31
266 2 50
266 12 13
266 16 43
266 17 24
266 33 27
266 34 23
266 39 43
266 45 8
266 57 44
266 68 32
266 76 26
266 84 3
266 151 31
266 167 37
266 196 33
266 202 30
266 205 3
266 226 41
266 236 3
266 239 22
266 280 40
266 286 36
266 287 5
266 293 8
267 37 2
267 83 3
267 86 29
267 95 9
267 121 4
267 126 34
267 166 50
267 180 47
267 190 25
267 203 49
267 227 31
267 231 34
267 246 27
267 255 35
267 271 28
267 317 20
268 15 36
268 23 24
268 53 41
268 57 17
268 71 16
268 84 39
268 87 11
268 162 25
268 182 33
268 186 42
268 195 4
268 224 1
268 246 36
268 294 43
268 306 12
268 313 43
269 6 34
269 20 1
269 41 17
269 57 8
269 99 22
269 114 27
269 117 23
269 130 21
269 132 40
269 156 37
269 167 20
269 219 10
269 255 38
269 284 45
269 290 37
269 318 39
270 20 48
270 29 44
270 33 5
270 57 27
270 64 48
270 81 1
270 118 12
270 132 17
270 158 36
270 161 21
270 183 45
270 190 25
270 195 31
270 205 47
270 224 4
270 227 41
270 228 5
270 242 9
270 299 16
270 306 4
270 318 29
271 13 15
271 15 11
271 21 46
271 32 5
271 42 41
271 53 25
271 55 2
271 73 26
271 78 3
271 99 44
271 116 26
271 126 32
271 157 30
271 159 24
271 167 20
271 172 50
271 187 13
271 238 32
271 251 38
271 274 38
271 285 3
271 295 26
271 299 29
271 303 41
271 314 38
271 318 4
272 18 31
272 23 45
272 46 3
272 79 26
272 81 38
272 109 26
272 129 35
272 157 34
272 189 46
272 215 22
272 222 1
272 238 23
272 251 29
272 256 25
272 266 48
272 271 29
272 281 20
272 282 36
272 292 26
272 298 33
272 303 26
273 1 9
273 11 37
273 29 3
273 30 40
273 69 28
273 73 1
273 87 16
273 103 29
273 118 10
273 177 45
273 183 41
273 195 24
273 210 31
273 223 49
273 227 22
273 228 40
273 235 11
273 245 23
273 279 42
273 313 35
274 3 37
274 30 15
274 47 44
274 50 47
274 67 21
274 101 1
274 115 40
274 125 34
274 138 47
274 156 9
274 173 29
274 188 16
274 199 5
274 202 27
274 247 44
274 277 25
274 281 14
274 283 11
275 1 22
275 17 31
275 29 22
275 31 15
275 40 3
275 70 43
275 72 46
275 81 38
275 99 32
275 107 35
275 120 41
275 128 20
275 143 34
275 170 44
275 181 34
275 190 31
275 196 44
275 228 19
275 231 40
275 248 26
275 252 31
275 253 3
275 289 29
275 317 10
276 22 21
276 36 40
276 42 32
276 43 29
276 62 20
276 73 8
276 75 13
276 88 6
276 119 11
276 121 39
276 122 30
276 123 44
276 126 10
276 144 29
276 182 28
276 231 1
276 247 6
276 252 9
276 265 6
276 300 16
277 5 17
277 6 47
277 10 43
277 15 36
277 43 36
277 67 34
277 80 20
277 83 15
277 84 9
277 87 13
277 105 18
277 128 41
277 135 18
277 172 37
277 180 30
277 188 40
277 204 50
277 225 9
277 227 41
277 232 12
277 242 12
277 243 16
277 246 46
277 252 35
277 301 25
278 12 3
278 13 36
278 18 18
278 26 40
278 27 40
278 37 30
278 45 40
278 49 19
278 85 29
278 101 3
278 109 31
278 121 5
278 124 40
278 129 8
278 156 48
278 167 18
278 169 38
278 175 33
278 176 34
278 218 38
278 223 9
278 229 27
278 286 44
278 304 31
278 312 12
279 24 11
279 61 17
279 71 8
279 81 35
279 91 50
279 107 11
279 120 11
279 134 36
279 138 22
279 148 40
279 151 11
279 180 35
279 195 40
279 200 23
279 208 16
279 224 31
279 249 23
279 270 11
279 278 45
279 293 17
279 311 48
279 312 1
279 314 43
280 23 46
280 44 31
280 92 50
280 133 19
280 141 16
280 163 36
280 164 6
280 184 45
280 185 43
280 187 45
280 196 14
280 214 39
280 250 19
280 254 48
280 273 10
280 291 9
281 10 48
281 38 19
281 51 16
281 63 5
281 65 45
281 70 30
281 73 1
281 121 2
281 122 12
281 135 42
281 140 21
281 162 16
281 183 40
281 206 45
281 236 48
281 245 18
281 249 4
281 262 4
281 266 45
281 312 42
282 20 2
282 25 17
282 32 50
282 36 33
282 64 43
282 65 46
282 70 29
282 74 36
282 79 40
282 121 44
282 126 17
282 143 48
282 145 38
282 149 48
282 164 40
282 178 36
282 187 13
282 205 38
282 207 11
282 209 38
282 214 27
282 217 20
282 250 49
282 260 35
282 265 3
282 294 26
283 20 31
283 46 46
283 61 30
283 68 8
283 82 24
283 86 40
283 89 50
283 93 35
283 98 41
283 125 40
283 133 47
283 136 3
283 137 33
283 138 39
283 144 28
283 157 14
283 186 26
283 188 30
283 202 14
283 208 34
283 263 23
283 265 21
283 269 18
283 292 12
283 300 50
284 6 3
284 25 5
284 31 49
284 69 15
284 81 24
284 90 18
284 99 3
284 109 29
284 117 47
284 143 21
284 183 30
284 188 26
284 228 8
284 305 28
285 12 15
285 18 9
285 29 38
285 44 50
285 51 18
285 73 19
285 106 12
285 121 7
285 132 48
285 186 16
285 193 38
285 205 21
285 221 33
285 226 4
285 232 16
285 253 19
285 270 14
285 271 20
285 283 49
285 284 16
285 291 24
285 316 5
286 21 47
286 23 9
286 46 32
286 49 40
286 63 6
286 94 9
286 107 4
286 141 22
286 144 36
286 145 1
286 167 16
286 177 46
286 206 31
286 241 11
286 249 8
286 251 45
286 256 25
286 261 31
286 307 23
286 309 36
287 4 41
287 25 47
287 31 7
287 39 38
287 56 29
287 128 11
287 129 19
287 136 46
287 154 41
287 169 32
287 171 9
287 216 46
287 222 40
287 229 46
287 256 5
287 288 39
287 293 8
287 300 42
287 305 49
287 307 3
288 0 29
288 24 2
288 26 28
288 49 47
288 51 18
288 65 18
288 68 46
288 93 26
288 124 28
288 144 44
288 183 12
288 201 4
288 231 40
288 248 46
288 277 32
288 295 3
289 31 43
289 42 49
289 62 48
289 85 43
289 95 33
289 104 5
289 195 13
289 235 16
289 244 37
289 245 22
289 262 11
289 307 45
290 7 6
290 18 22
290 30 18
290 52 42
290 62 40
290 64 37
290 67 10
290 69 31
290 111 25
290 127 48
290 156 24
290 162 30
290 168 45
290 176 11
290 182 15
290 191 36
290 192 16
290 223 16
290 236 1
290 280 25
290 303 29
291 5 33
291 6 38
291 16 5
291 40 34
291 47 11
291 49 21
291 63 49
291 74 17
291 81 38
291 139 15
291 168 11
291 172 49
291 202 28
291 203 39
291 220 9
291 226 32
291 233 16
291 239 24
291 270 17
291 271 4
291 288 4
291 310 31
292 4 44
292 5 18
292 6 27
292 32 34
292 62 7
292 76 1
292 88 34
292 90 2
292 97 40
292 110 9
292 111 7
292 178 47
292 195 33
292 234 38
292 279 10
293 2 10
293 36 6
293 98 45
293 123 20
293 164 22
293 171 5
293 196 19
293 199 13
293 210 43
293 213 46
293 227 4
293 231 42
293 240 4
293 263 46
293 269 43
293 284 33
293 305 43
293 317 10
294 23 44
294 50 16
294 51 18
294 55 10
294 60 3
294 64 50
294 83 13
294 90 12
294 92 44
294 99 12
294 118 21
294 138 15
294 141 29
294 150 20
294 166 12
294 199 35
294 246 38
294 293 39
294 296 6
294 301 40
294 311 39
294 312 2
295 10 29
295 25 17
295 34 28
295 45 9
295 61 43
295 71 5
295 97 31
295 103 38
295 128 38
295 165 37
295 171 2
295 196 3
295 201 32
295 210 1
295 222 26
295 233 1
295 260 37
295 287 10
295 307 33
296 2 34
296 16 38
296 17 1
296 27 26
296 35 38
296 46 48
296 47 49
296 59 17
296 74 6
296 95 9
296 103 24
296 115 20
296 124 14
296 151 35
296 160 36
296 178 30
296 192 42
296 197 14
296 219 13
296 238 4
296 262 14
296 302 37
296 304 21
297 9 7
297 13 47
297 21 43
297 37 18
297 50 17
297 52 26
297 56 39
297 75 42
297 77 32
297 79 2
297 123 36
297 133 36
297 155 40
297 169 18
297 171 17
297 203 15
297 222 18
297 232 42
297 254 8
297 290 11
297 291 41
297 304 47
298 44 35
298 71 30
298 75 16
298 88 8
298 100 31
298 106 24
298 123 40
298 139 5
298 165 7
298 183 22
298 194 19
298 198 48
298 212 5
298 226 4
298 243 33
298 250 8
298 257 38
298 272 30
298 288 33
298 289 2
298 312 12
299 12 3
299 17 28
299 42 15
299 113 9
299 126 1
299 150 1
299 173 17
299 201 46
299 204 13
299 235 48
299 240 42
299 260 21
299 268 34
299 303 18
299 317 23
300 1 13
300 23 47
300 37 35
300 40 2
300 42 44
300 54 27
300 70 21
300 85 46
300 98 32
300 102 7
300 106 5
300 118 44
300 146 46
300 163 11
300 254 35
300 260 9
300 265 3
300 272 43
300 274 50
300 288 9
300 292 4
300 306 40
300 307 35
300 318 19
300 319 46
301 6 9
301 54 28
301 57 50
301 73 2
301 115 43
301 123 34
301 157 41
301 161 43
301 167 13
301 168 41
301 223 33
301 224 23
301 255 36
301 263 49
301 283 24
301 296 34
302 23 47
302 68 20
302 73 49
302 82 22
302 98 23
302 108 29
302 114 12
302 121 26
302 132 37
302 148 9
302 178 9
302 181 4
302 182 25
302 184 3
302 191 28
302 208 49
302 217 26
302 234 21
302 239 32
302 275 41
302 282 50
302 290 38
302 303 4
302 312 32
303 3 5
303 10 30
303 11 20
303 12 45
303 32 38
303 48 35
303 87 1
303 166 8
303 175 43
303 202 16
303 234 48
303 247 36
303 264 34
303 286 8
303 317 17
304 6 18
304 12 23
304 20 6
304 31 30
304 52 22
304 77 7
304 96 48
304 111 36
304 126 37
304 132 10
304 133 24
304 139 24
304 141 24
304 168 26
304 177 49
304 186 42
304 191 12
304 192 32
304 194 29
304 230 22
304 240 7
304 245 8
304 249 19
304 252 21
304 254 2
304 261 21
304 262 49
304 281 24
304 294 44
305 6 43
305 12 15
305 29 16
305 49 15
305 52 8
305 54 2
305 143 1
305 150 6
305 157 24
305 172 10
305 187 25
305 193 4
305 211 48
305 219 6
305 220 37
305 230 45
305 232 34
305 278 43
305 298 19
305 308 16
305 310 10
306 57 3
306 66 49
306 77 48
306 88 1
306 129 9
306 157 44
306 158 29
306 165 16
306 178 41
306 196 11
306 208 12
306 222 3
306 232 2
306 238 47
306 253 50
306 275 23
306 290 18
306 299 13
306 300 29
306 317 22
306 319 48
307 18 28
307 28 29
307 58 24
307 74 48
307 75 12
307 89 27
307 103 48
307 123 43
307 132 27
307 150 32
307 242 22
307 293 18
307 309 47
308 43 1
308 44 43
308 48 2
308 75 29
308 98 10
308 117 42
308 148 31
308 149 10
308 161 25
308 163 36
308 184 38
308 187 18
308 220 27
308 244 41
308 253 44
308 254 37
308 267 29
308 287 31
308 293 1
308 304 19
309 10 11
309 21 37
309 68 6
309 89 2
309 111 41
309 155 32
309 167 22
309 189 36
309 234 2
309 236 44
309 252 1
309 256 28
309 289 15
309 298 35
310 5 47
310 33 48
310 75 43
310 91 9
310 116 49
310 123 47
310 134 26
310 180 25
310 192 28
310 206 38
310 218 27
310 227 40
310 271 12
310 285 29
310 292 10
311 1 37
311 40 3
311 80 11
311 90 7
311 102 47
311 113 9
311 159 44
311 269 28
311 291 42
311 292 36
311 298 45
312 5 21
312 9 32
312 22 29
312 27 18
312 33 41
312 38 29
312 55 38
312 68 12
312 83 7
312 102 15
312 160 42
312 175 16
312 179 15
312 203 7
312 221 1
312 226 8
312 239 23
312 246 49
312 272 49
312 306 35
312 316 26
313 14 23
313 20 13
313 27 38
313 40 22
313 42 23
313 43 49
313 62 17
313 80 24
313 96 22
313 140 40
313 160 12
313 163 34
313 190 4
313 251 44
313 252 42
313 253 17
313 258 1
313 277 19
313 293 50
313 303 41
313 306 18
314 4 41
314 5 17
314 6 13
314 25 12
314 33 14
314 70 19
314 89 10
314 105 40
314 152 43
314 154 1
314 199 15
314 216 30
314 220 18
314 222 16
314 225 24
314 236 39
314 238 49
314 242 29
314 243 38
314 244 45
314 249 21
314 272 24
314 285 44
314 287 50
314 294 35
314 319 22
315 5 29
315 33 23
315 45 39
315 67 44
315 136 9
315 144 32
315 147 37
315 169 14
315 172 8
315 187 50
315 196 38
315 252 49
315 272 45
315 275 23
315 285 30
315 289 18
315 293 21
316 13 40
316 51 7
316 53 1
316 58 3
316 103 6
316 117 18
316 118 43
316 157 25
316 159 8
316 171 26
316 195 41
316 211 15
316 246 37
316 304 50
317 26 18
317 28 49
317 30 41
317 31 43
317 33 46
317 72 6
317 74 15
317 90 12
317 113 23
317 129 26
317 143 21
317 147 31
317 148 13
317 149 31
317 182 23
317 203 45
317 204 4
317 219 28
317 235 4
317 236 27
317 245 27
317 249 9
317 261 45
317 265 45
317 310 6
318 5 28
318 21 25
318 36 32
318 47 31
318 68 14
318 76 39
318 79 4
318 92 28
318 102 38
318 135 26
318 143 6
318 160 21
318 183 33
318 186 37
318 208 38
318 211 42
318 214 29
318 224 7
318 232 26
318 236 49
318 275 14
318 279 31
318 280 29
318 283 35
318 284 40
319 3 28
319 16 34
319 58 9
319 66 42
319 102 31
319 146 17
319 159 32
319 177 12
319 189 48
319 209 12
319 236 31
319 253 11
319 277 3
319 290 37