500 6117
0 3 24
0 9 30
0 36 31
0 139 46
0 155 2
0 160 13
0 206 34
0 220 25
0 246 22
0 268 41
0 299 18
0 313 50
0 407 50
0 431 45
0 442 25
0 452 35
0 485 16
1 47 25
1 66 13
1 89 12
1 128 44
1 217 20
1 241 24
1 326 11
1 384 47
1 459 13
2 35 40
2 86 3
2 108 35
2 178 27
2 217 13
2 252 35
2 296 10
2 343 41
2 373 42
2 432 14
2 448 24
2 493 9
3 30 10
3 53 25
3 61 32
3 66 5
3 165 8
3 281 45
3 340 45
3 351 9
3 434 40
3 436 15
3 444 9
4 6 11
4 36 14
4 84 30
4 112 3
4 117 20
4 142 8
4 164 10
4 217 27
4 342 30
4 428 8
5 29 40
5 60 26
5 92 19
5 130 36
5 140 37
5 317 40
5 320 17
5 339 8
5 393 32
5 415 24
5 453 20
5 456 16
6 63 12
6 113 40
6 145 7
6 193 9
6 199 20
6 224 31
6 230 23
6 327 14
6 344 41
6 375 29
6 437 50
6 467 37
7 34 8
7 56 42
7 70 4
7 101 38
7 215 30
7 283 22
7 308 29
7 380 32
7 384 42
7 487 20
8 11 15
8 26 45
8 31 10
8 40 49
8 59 43
8 161 44
8 276 34
8 302 26
8 314 35
8 327 10
8 355 38
8 416 4
8 419 28
8 452 25
8 490 37
9 3 3
9 50 3
9 102 25
9 106 32
9 203 8
9 208 32
9 226 15
9 251 38
9 279 33
9 287 12
9 409 33
9 431 39
10 8 7
10 33 49
10 187 35
10 196 21
10 205 11
10 269 42
10 293 28
10 349 46
10 363 32
10 402 41
10 411 10
10 498 35
11 76 11
11 149 44
11 237 31
11 244 39
11 305 40
11 316 30
11 371 11
11 391 28
12 29 16
12 81 29
12 86 43
12 126 44
12 136 42
12 258 44
12 269 49
12 329 6
12 341 10
12 364 2
12 430 14
13 1 31
13 10 49
13 18 43
13 34 25
13 43 19
13 127 5
13 153 30
13 209 49
13 462 25
13 495 17
14 55 33
14 82 6
14 87 15
14 108 48
14 131 1
14 159 3
14 163 26
14 202 36
14 250 27
14 325 35
14 399 4
14 474 21
14 489 16
15 35 35
15 39 25
15 41 1
15 194 21
15 199 36
15 219 31
15 233 31
15 267 50
15 270 26
15 299 23
15 308 20
15 331 7
15 397 45
15 444 46
15 452 21
15 461 15
15 481 10
16 3 44
16 15 16
16 57 7
16 126 15
16 199 30
16 271 29
16 301 37
16 307 22
16 333 29
16 350 20
16 409 10
16 439 3
17 58 39
17 108 46
17 113 42
17 121 50
17 150 47
17 197 40
17 252 3
17 374 46
17 375 15
17 421 5
17 428 22
18 39 23
18 85 18
18 96 46
18 117 18
18 155 7
18 206 50
18 214 8
18 271 43
18 297 5
18 326 11
18 362 48
18 409 35
18 490 50
19 6 20
19 63 7
19 64 19
19 66 32
19 131 8
19 195 1
19 206 2
19 267 50
20 72 11
20 213 15
20 218 13
20 246 4
20 271 36
20 290 12
20 393 9
20 444 31
20 454 28
20 471 14
21 29 6
21 52 3
21 100 27
21 137 12
21 166 32
21 241 4
21 243 20
21 277 12
21 431 46
21 471 31
22 37 47
22 52 35
22 54 35
22 102 26
22 143 6
22 215 32
22 299 15
22 315 4
22 320 13
22 329 44
22 344 20
22 385 3
23 60 1
23 141 11
23 274 10
23 299 47
23 305 17
23 322 19
23 405 47
23 418 37
23 419 1
23 426 38
23 427 24
24 56 2
24 62 32
24 117 41
24 134 48
24 140 9
24 141 34
24 254 11
24 309 49
24 372 25
24 443 41
24 482 38
25 89 23
25 313 33
25 341 11
25 344 12
25 356 18
25 432 23
26 94 4
26 95 11
26 154 10
26 171 6
26 193 4
26 236 14
26 250 28
26 332 33
26 375 12
26 401 42
26 403 49
26 418 35
26 443 49
26 450 21
26 477 40
26 483 49
26 491 39
27 46 38
27 147 36
27 164 50
27 192 47
27 210 7
27 279 40
27 333 49
27 355 44
27 408 2
27 461 23
28 33 36
28 43 24
28 45 46
28 111 50
28 170 34
28 220 39
28 380 31
28 398 14
28 416 35
28 417 27
28 445 13
29 43 35
29 99 26
29 145 34
29 210 1
29 214 3
29 258 1
29 268 32
29 317 18
29 355 10
29 389 20
29 491 45
30 28 37
30 45 19
30 119 15
30 161 12
30 162 45
30 181 18
30 248 49
30 266 33
30 281 45
30 354 40
30 398 40
31 13 15
31 52 44
31 78 24
31 188 28
31 215 50
31 268 36
31 346 49
31 350 42
31 359 44
31 368 21
31 399 8
32 15 22
32 88 16
32 95 14
32 149 47
32 157 21
32 226 6
32 234 14
32 310 3
33 105 10
33 140 17
33 199 5
33 214 46
33 245 10
33 269 1
33 314 9
33 341 22
33 345 19
33 354 30
33 490 3
34 49 15
34 93 20
34 111 13
34 219 2
34 257 23
34 308 34
34 337 11
34 345 11
34 347 7
34 367 12
34 378 48
34 418 44
34 437 15
34 438 3
34 439 15
34 451 32
34 454 14
34 496 41
35 6 50
35 14 47
35 30 4
35 62 48
35 69 25
35 93 50
35 104 21
35 115 24
35 167 6
35 179 31
35 209 41
35 212 8
35 246 50
35 309 48
35 341 1
35 437 41
35 449 13
36 156 49
36 174 26
36 188 34
36 222 7
36 235 50
36 286 26
36 305 19
36 332 36
36 374 24
36 393 11
36 399 30
36 422 48
36 439 8
36 478 11
36 483 47
37 39 4
37 70 50
37 110 2
37 165 47
37 250 28
37 275 19
37 284 43
37 348 20
37 373 3
37 424 21
37 427 46
37 429 47
37 436 32
38 8 5
38 16 38
38 46 42
38 64 41
38 69 47
38 148 23
38 151 26
38 230 36
38 413 8
38 417 44
39 64 21
39 81 45
39 91 36
39 96 20
39 112 16
39 263 12
39 271 21
39 294 16
39 324 40
39 338 32
39 364 38
39 394 44
39 403 24
39 425 36
39 468 35
39 477 43
40 11 25
40 38 1
40 81 29
40 188 23
40 259 7
40 299 31
40 312 42
40 342 50
40 361 11
40 410 10
41 20 15
41 26 2
41 61 35
41 103 7
41 129 29
41 130 8
41 140 13
41 152 13
41 167 25
41 205 6
41 220 32
41 229 45
41 234 21
41 289 27
41 367 34
41 373 34
41 479 26
41 497 47
42 25 31
42 97 20
42 107 27
42 130 11
42 134 11
42 173 4
42 220 42
42 232 34
42 246 30
42 266 37
42 278 9
42 316 45
42 375 6
42 422 48
42 425 1
42 447 3
42 468 38
42 484 20
43 56 48
43 73 29
43 105 45
43 162 41
43 170 26
43 191 21
43 217 26
43 220 19
43 254 36
43 279 26
43 282 10
43 299 8
43 316 42
43 353 2
44 14 25
44 17 39
44 33 18
44 124 5
44 177 40
44 179 3
44 363 31
44 416 15
44 498 11
45 2 36
45 69 14
45 154 31
45 308 5
45 309 3
45 316 11
45 368 22
45 396 15
45 450 25
45 489 15
46 34 5
46 95 1
46 130 48
46 245 26
46 289 23
46 331 44
47 2 33
47 22 40
47 182 42
47 188 13
47 205 30
47 212 30
47 252 33
47 274 26
47 335 50
47 372 16
47 373 7
47 407 12
47 411 2
47 422 5
47 435 29
47 475 19
47 478 26
48 3 39
48 10 22
48 46 45
48 60 12
48 128 19
48 134 5
48 196 31
48 226 36
48 283 28
48 318 50
48 326 34
48 347 14
48 406 32
49 45 38
49 62 49
49 82 36
49 107 1
49 126 38
49 169 46
49 282 48
49 285 18
49 288 34
49 298 2
49 322 37
49 352 47
49 359 42
49 398 13
49 400 8
49 475 3
50 33 13
50 86 30
50 113 13
50 263 33
50 287 9
50 344 16
50 373 38
50 450 5
51 22 3
51 27 48
51 45 44
51 64 4
51 88 25
51 119 27
51 145 14
51 225 48
51 366 25
51 421 32
51 462 10
52 86 24
52 104 39
52 129 22
52 162 20
52 167 10
52 201 18
52 226 14
52 260 22
52 343 48
52 356 17
52 360 20
52 401 29
52 437 4
52 470 32
53 39 29
53 42 35
53 97 14
53 100 32
53 166 32
53 195 2
53 258 10
53 276 37
53 349 29
53 388 1
53 489 30
53 492 32
54 20 42
54 69 43
54 73 35
54 91 1
54 120 2
54 169 46
54 175 41
54 369 33
54 423 16
55 7 32
55 84 41
55 176 20
55 205 24
55 210 27
55 282 49
55 305 17
55 438 39
55 477 4
55 486 43
56 17 45
56 22 14
56 142 32
56 175 10
56 207 5
56 270 26
56 330 17
56 342 15
56 427 47
56 457 15
57 8 43
57 106 3
57 153 22
57 213 46
57 229 3
57 256 15
57 292 33
57 312 43
57 347 39
57 365 13
57 386 27
57 456 39
57 483 44
57 485 17
58 67 42
58 142 38
58 149 15
58 151 26
58 168 39
58 187 3
58 222 12
58 232 5
58 246 6
58 270 13
58 391 21
58 426 42
58 466 4
58 475 13
59 96 6
59 280 47
59 300 15
59 306 46
59 328 35
59 438 21
59 473 34
59 475 2
60 16 20
60 53 27
60 65 5
60 95 25
60 114 10
60 128 19
60 161 15
60 220 13
60 228 42
60 245 33
60 259 2
60 337 40
60 348 17
60 384 5
60 435 30
60 459 25
60 497 41
61 236 50
61 432 44
62 0 26
62 45 8
62 52 16
62 53 3
62 112 28
62 116 42
62 131 22
62 233 9
62 317 29
62 335 26
62 337 25
62 358 33
62 393 25
62 435 43
62 454 6
63 7 40
63 40 6
63 83 20
63 84 10
63 89 8
63 157 16
63 158 1
63 201 35
63 208 13
63 346 39
63 383 7
63 412 5
63 426 39
63 460 6
63 476 10
63 492 31
64 97 32
64 129 21
64 159 22
64 220 19
64 289 19
64 350 20
64 362 45
64 365 41
65 30 12
65 74 44
65 140 23
65 170 37
65 384 24
65 414 48
65 434 19
65 444 37
65 454 9
65 462 15
66 26 9
66 133 18
66 153 49
66 177 28
66 194 16
66 197 22
66 205 1
66 288 22
66 304 26
66 333 12
66 348 21
66 436 44
67 99 39
67 183 32
67 241 3
67 249 5
67 262 38
67 456 32
67 475 7
67 483 37
67 496 47
68 87 20
68 116 1
68 153 12
68 160 41
68 264 39
68 326 32
68 468 1
68 471 43
69 22 1
69 67 10
69 76 32
69 86 18
69 120 50
69 126 5
69 158 8
69 180 27
69 191 43
69 193 13
69 265 24
69 295 46
69 321 16
69 343 2
69 358 19
69 369 44
69 391 47
69 425 25
70 26 1
70 39 43
70 117 6
70 171 32
70 264 6
70 294 12
70 354 44
70 372 30
70 419 11
70 438 29
70 486 30
71 51 21
71 54 9
71 213 42
71 216 6
71 221 49
71 277 47
71 289 45
71 307 24
71 383 50
71 389 20
71 409 42
72 155 2
72 181 43
72 182 19
72 202 1
72 221 22
72 352 50
72 437 11
73 39 19
73 54 42
73 139 32
73 177 17
73 202 32
73 231 37
73 317 26
73 340 32
73 349 1
73 387 16
73 390 46
74 52 15
74 66 36
74 89 2
74 93 30
74 263 22
74 304 9
74 344 15
74 367 15
74 370 22
74 378 33
74 413 32
74 435 23
74 499 42
75 99 37
75 152 40
75 156 37
75 172 5
75 287 36
75 335 17
75 344 33
75 350 8
75 385 39
75 408 34
75 471 16
76 4 29
76 78 38
76 95 37
76 130 13
76 141 25
76 195 6
76 208 49
76 255 3
76 395 49
76 423 45
76 461 23
76 490 20
77 19 25
77 32 45
77 71 23
77 94 34
77 132 41
77 196 1
77 246 44
77 341 29
77 373 16
77 382 35
78 59 33
78 84 2
78 91 38
78 130 37
78 138 13
78 214 17
78 235 20
78 236 42
78 277 2
78 367 48
78 387 1
79 15 14
79 56 5
79 59 35
79 173 41
79 240 30
79 246 26
79 250 43
79 322 11
79 326 29
79 353 44
79 373 31
80 75 27
80 77 38
80 119 50
80 123 40
80 196 35
80 266 31
80 280 21
80 310 35
80 376 20
80 434 12
81 52 14
81 68 5
81 80 35
81 253 13
81 274 16
81 405 13
81 461 50
81 466 20
82 3 19
82 7 48
82 13 36
82 27 16
82 48 37
82 74 50
82 211 7
82 250 3
82 294 11
82 357 12
82 365 18
82 405 48
83 20 42
83 28 4
83 62 34
83 96 24
83 305 44
83 306 30
83 349 32
83 368 5
83 388 3
83 412 36
83 439 11
84 5 24
84 200 21
84 210 37
84 214 3
84 238 14
84 258 11
84 295 13
84 297 29
84 364 16
84 370 14
84 388 34
84 407 35
84 464 3
84 477 46
84 496 16
85 23 2
85 67 19
85 123 12
85 193 50
85 238 41
85 250 15
85 283 2
85 313 35
85 319 48
85 327 1
85 336 11
85 403 7
85 404 29
85 488 41
86 17 6
86 39 21
86 47 36
86 161 30
86 182 25
86 184 5
86 248 44
86 260 49
86 350 27
86 414 20
86 437 38
86 443 26
86 474 33
87 27 22
87 57 26
87 100 1
87 358 19
87 399 36
88 28 32
88 29 33
88 172 16
88 248 30
88 267 15
88 305 6
88 315 23
88 362 32
88 384 34
88 437 23
88 452 24
88 496 2
89 131 26
89 133 7
89 214 42
89 234 10
89 238 49
89 316 1
89 330 8
89 363 47
89 434 1
89 439 22
89 469 31
90 15 4
90 24 12
90 32 15
90 66 21
90 73 13
90 94 5
90 114 22
90 129 38
90 130 48
90 192 2
90 239 37
90 250 37
90 269 7
90 326 2
90 334 48
90 365 21
90 407 18
90 408 22
90 421 36
90 489 11
91 41 32
91 56 37
91 59 14
91 79 2
91 99 11
91 106 34
91 117 26
91 142 5
91 144 11
91 151 19
91 161 11
91 165 48
91 199 34
91 200 46
91 208 28
91 228 7
91 294 25
91 384 11
91 491 35
92 21 29
92 30 19
92 95 1
92 105 31
92 108 18
92 131 8
92 149 16
92 152 28
92 170 38
92 196 26
92 227 46
92 232 11
92 241 12
92 258 11
92 301 12
92 308 17
92 329 1
92 457 7
92 468 28
92 479 2
93 37 23
93 54 44
93 92 11
93 164 44
93 168 22
93 232 37
93 233 44
93 243 26
93 291 16
93 324 29
93 363 21
94 143 22
94 185 11
94 221 45
94 276 10
94 322 49
94 390 20
94 406 1
94 487 41
95 6 2
95 15 34
95 79 50
95 143 26
95 151 23
95 223 41
95 226 23
95 266 31
95 450 44
95 461 38
95 462 32
96 44 47
96 82 23
96 121 50
96 154 32
96 205 35
96 213 7
96 230 20
96 356 9
96 375 32
96 393 39
96 472 2
96 496 38
97 0 13
97 12 40
97 153 2
97 184 50
97 245 39
97 315 14
97 335 22
97 347 19
97 394 21
97 427 18
97 467 35
97 475 30
98 3 18
98 21 6
98 35 28
98 121 48
98 222 37
98 246 45
98 310 25
98 317 35
98 335 42
98 376 18
98 415 11
98 474 35
98 489 6
99 12 43
99 27 26
99 57 12
99 76 12
99 89 38
99 90 8
99 111 30
99 200 17
99 205 48
99 212 18
99 214 8
99 249 6
99 261 34
99 265 13
99 283 26
99 310 38
99 311 35
99 315 45
99 316 28
99 441 40
99 498 43
100 19 41
100 34 19
100 51 46
100 64 48
100 143 33
100 177 7
100 183 37
100 239 18
100 249 5
100 350 14
100 405 24
100 457 17
100 494 11
101 69 29
101 104 4
101 106 23
101 126 21
101 196 10
101 259 15
101 319 8
101 435 14
101 478 10
101 485 26
102 72 25
102 103 13
102 161 25
102 177 41
102 197 41
102 216 9
102 270 38
102 305 15
102 318 17
102 333 9
102 377 28
102 469 1
103 13 15
103 18 2
103 119 5
103 153 7
103 179 46
103 217 17
103 227 50
103 260 10
103 270 20
103 280 10
103 284 39
103 286 23
103 289 13
103 314 28
103 321 32
103 324 12
103 328 15
103 331 4
103 339 1
103 433 46
104 95 35
104 153 7
104 200 38
104 222 7
104 286 12
104 340 13
104 341 42
104 388 34
104 389 13
104 409 2
104 422 40
105 3 5
105 149 11
105 154 27
105 195 50
105 218 44
105 225 50
105 230 27
105 321 21
105 322 10
105 351 22
105 358 19
105 360 24
105 374 32
105 411 17
106 30 22
106 67 11
106 73 10
106 124 23
106 152 8
106 154 31
106 202 6
106 268 42
106 306 47
106 318 8
106 330 19
106 414 25
106 426 30
106 485 29
107 75 21
107 167 3
107 173 6
107 181 45
107 239 17
107 277 28
107 365 24
107 415 5
107 442 20
107 466 35
107 479 3
108 22 37
108 55 31
108 71 10
108 74 40
108 100 3
108 109 49
108 133 46
108 191 15
108 268 44
108 269 12
108 321 23
108 349 39
108 383 19
108 388 50
108 394 5
108 447 27
108 451 8
108 469 30
108 495 14
109 33 29
109 39 49
109 50 28
109 52 19
109 66 24
109 178 36
109 204 34
109 234 15
109 317 7
109 417 13
109 488 47
110 13 8
110 29 21
110 103 31
110 146 11
110 202 17
110 203 28
110 228 4
110 264 5
110 402 32
110 453 2
111 18 10
111 75 20
111 163 47
111 167 36
111 179 19
111 198 45
111 252 35
111 377 43
111 407 19
111 446 31
111 460 13
112 25 28
112 127 28
112 143 34
112 163 6
112 172 45
112 186 41
112 275 19
112 283 12
112 291 16
112 309 6
112 341 46
112 385 35
112 390 1
112 488 19
113 30 48
113 55 30
113 102 3
113 112 43
113 128 6
113 141 15
113 142 8
113 190 28
113 192 29
113 233 38
113 238 50
113 304 40
113 345 41
113 410 39
113 493 36
114 0 36
114 18 10
114 26 41
114 40 28
114 51 8
114 214 32
114 219 3
114 230 38
114 254 1
114 282 20
114 310 27
114 322 3
114 386 9
114 436 26
114 448 34
114 480 13
115 10 45
115 25 45
115 56 18
115 64 43
115 79 27
115 93 36
115 111 16
115 193 42
115 205 18
115 403 4
115 431 1
116 12 4
116 110 32
116 138 28
116 146 46
116 199 25
116 211 21
116 241 35
116 280 42
116 322 10
116 336 2
116 361 10
116 401 31
116 412 36
116 449 36
117 5 48
117 18 34
117 46 19
117 53 12
117 68 39
117 107 27
117 230 28
117 239 16
117 257 19
117 272 47
117 274 7
117 370 46
117 392 35
117 401 39
118 39 42
118 45 23
118 105 20
118 136 22
118 176 41
118 177 45
118 185 29
118 266 4
118 275 30
118 295 30
118 311 24
118 338 11
118 359 1
118 425 16
118 435 6
118 487 38
118 494 19
119 101 35
119 258 26
119 289 30
119 304 23
119 309 49
119 393 24
119 454 46
119 459 47
119 478 23
119 490 11
119 491 13
120 42 13
120 78 47
120 84 32
120 85 14
120 107 26
120 129 23
120 206 29
120 252 42
120 291 16
120 314 18
120 397 12
120 423 49
120 447 34
120 471 1
120 477 16
121 338 43
121 370 42
121 412 23
121 494 32
122 31 14
122 52 45
122 57 8
122 63 6
122 102 23
122 106 2
122 136 41
122 238 20
122 248 37
122 261 26
122 317 14
122 374 27
122 477 20
122 494 43
123 12 35
123 66 21
123 92 41
123 116 50
123 133 20
123 174 25
123 213 24
123 267 38
123 284 1
123 288 7
123 338 12
123 399 13
123 408 24
123 426 15
124 44 16
124 69 10
124 82 1
124 156 16
124 327 9
124 352 9
124 359 4
124 437 30
125 7 29
125 9 21
125 73 11
125 93 47
125 112 7
125 173 33
125 179 2
125 229 17
125 245 15
125 372 18
125 437 19
126 19 39
126 153 39
126 228 17
126 260 40
126 284 35
126 298 50
126 305 47
126 327 17
126 377 23
126 415 28
126 475 7
127 20 46
127 56 23
127 62 17
127 96 9
127 144 10
127 156 6
127 195 6
127 256 50
127 260 13
127 263 26
127 339 42
127 347 27
127 414 31
127 451 20
127 476 36
128 48 45
128 136 9
128 242 30
128 264 5
128 314 27
128 330 3
128 336 16
128 375 11
128 445 1
128 484 9
129 30 9
129 38 39
129 106 21
129 124 3
129 153 42
129 325 12
129 342 38
129 371 30
129 478 10
130 15 24
130 27 12
130 53 25
130 71 48
130 82 25
130 107 42
130 132 1
130 214 43
130 260 34
130 327 32
130 357 35
130 403 7
130 419 22
130 434 1
130 442 7
130 475 8
131 44 17
131 95 19
131 150 18
131 226 6
131 259 6
131 283 4
131 295 42
131 326 47
131 404 29
131 462 6
132 0 32
132 54 14
132 55 35
132 146 17
132 175 32
132 232 13
132 247 47
132 264 29
132 275 9
132 298 7
132 309 23
132 348 27
132 357 28
132 368 15
132 371 16
132 372 28
132 376 6
132 439 26
132 487 12
133 5 1
133 9 3
133 98 15
133 140 26
133 169 47
133 213 25
133 229 35
133 236 39
133 241 31
133 289 24
133 423 21
133 444 48
134 76 35
134 141 35
134 294 11
134 296 36
134 339 47
134 359 12
134 389 26
134 456 34
134 499 30
135 10 22
135 24 23
135 38 16
135 85 48
135 94 13
135 181 9
135 192 10
135 214 47
135 231 35
135 309 24
135 347 46
135 368 20
135 436 15
135 453 35
135 467 48
136 9 25
136 21 22
136 29 11
136 83 27
136 101 26
136 147 39
136 160 22
136 271 34
136 292 34
136 464 10
136 483 47
137 14 42
137 29 9
137 30 50
137 69 48
137 76 32
137 98 5
137 144 11
137 293 8
137 350 11
137 388 47
137 393 21
137 453 16
138 43 18
138 49 35
138 75 10
138 111 14
138 156 9
138 199 16
138 260 13
138 290 10
138 352 4
138 401 9
138 447 2
139 2 11
139 113 31
139 175 33
139 279 30
139 337 36
139 359 24
139 389 14
139 456 4
139 477 39
139 488 25
139 492 16
140 7 21
140 28 3
140 31 49
140 166 27
140 208 6
140 269 34
140 299 48
140 319 15
140 392 14
140 403 11
140 451 44
141 134 31
141 176 32
141 241 32
141 297 3
141 300 37
141 311 42
141 331 3
141 465 12
142 21 4
142 76 29
142 156 10
142 161 1
142 182 26
142 202 20
142 291 5
142 292 47
142 293 21
142 321 35
142 341 6
142 343 30
142 355 44
142 371 8
142 383 26
142 427 41
142 432 20
142 442 30
142 457 3
142 459 6
142 477 44
143 44 10
143 64 8
143 70 37
143 89 5
143 90 46
143 121 49
143 181 46
143 229 18
143 261 34
143 268 10
143 270 16
143 290 23
143 330 11
143 340 43
143 369 11
143 408 36
143 415 3
143 450 21
143 499 26
144 72 32
144 82 16
144 107 48
144 122 15
144 178 6
144 290 28
144 292 25
144 325 2
144 399 37
144 435 14
145 59 22
145 92 34
145 97 43
145 143 22
145 211 10
145 269 40
145 309 28
145 341 37
145 350 44
145 369 3
145 438 23
146 14 33
146 84 24
146 95 13
146 142 26
146 181 40
146 199 18
146 220 40
146 225 39
146 265 47
146 310 34
146 440 10
146 451 10
146 456 1
146 478 2
147 19 39
147 101 9
147 124 42
147 303 15
147 422 38
147 437 44
147 449 7
148 27 31
148 32 27
148 43 27
148 60 39
148 120 19
148 156 42
148 180 44
148 240 35
148 333 12
148 386 1
148 387 18
148 396 31
148 407 39
148 420 5
148 471 31
148 476 50
148 499 9
149 130 33
149 174 27
149 205 33
149 260 40
149 313 39
149 320 20
149 343 45
149 377 7
149 439 10
149 444 39
150 49 7
150 92 34
150 230 6
150 252 2
150 258 14
150 267 15
150 328 32
150 336 47
150 432 7
151 76 8
151 129 37
151 156 45
151 176 25
151 182 2
151 203 15
151 220 1
151 275 45
151 299 13
151 333 25
151 367 20
151 387 2
151 498 12
152 9 49
152 54 31
152 105 35
152 137 25
152 155 10
152 191 48
152 205 11
152 274 48
152 440 42
152 472 19
153 24 18
153 33 41
153 56 21
153 73 49
153 112 43
153 217 34
153 288 14
153 336 31
153 470 17
154 46 25
154 131 50
154 178 24
154 179 15
154 219 8
154 306 12
154 334 43
154 407 21
155 130 21
155 158 35
155 176 12
155 178 2
155 179 4
155 183 5
155 185 21
155 201 11
155 284 28
155 310 32
155 363 18
155 427 1
156 44 47
156 75 12
156 83 26
156 167 35
156 168 20
156 172 35
156 194 30
156 256 16
156 267 27
156 338 48
156 366 17
156 385 10
156 408 28
156 430 28
156 493 36
157 39 40
157 55 39
157 101 38
157 115 26
157 178 29
157 182 6
157 184 5
157 187 12
157 238 20
157 240 8
157 302 27
157 315 10
157 320 5
157 330 29
157 331 15
157 442 15
157 443 34
157 462 40
157 467 48
158 34 9
158 51 5
158 54 11
158 78 10
158 96 39
158 104 40
158 114 50
158 120 30
158 125 13
158 146 43
158 160 50
158 211 33
158 234 15
158 243 32
158 302 8
158 322 11
158 330 3
158 394 35
158 421 48
158 450 1
158 484 6
158 496 30
159 39 16
159 55 24
159 116 23
159 208 41
159 237 7
159 274 40
159 357 37
159 404 37
159 416 7
159 418 3
159 425 29
159 469 47
159 490 47
160 25 30
160 33 40
160 52 35
160 83 42
160 133 26
160 206 50
160 214 19
160 258 31
160 260 13
160 261 2
160 274 45
160 339 44
160 364 30
160 367 33
160 426 47
160 473 28
161 6 4
161 11 4
161 70 48
161 98 24
161 223 42
161 238 16
161 274 36
161 283 34
161 311 24
161 320 21
161 343 30
161 344 50
161 351 49
161 356 6
161 365 9
161 375 42
161 493 27
162 25 47
162 44 3
162 212 16
162 373 25
162 406 2
162 447 12
162 453 24
162 476 39
163 61 48
163 89 49
163 187 18
163 226 49
163 279 17
163 383 30
163 427 2
164 25 7
164 32 49
164 65 32
164 107 24
164 142 49
164 190 5
164 209 2
164 266 12
164 288 48
164 292 49
164 407 40
164 491 9
164 496 22
165 60 29
165 118 22
165 121 32
165 138 29
165 139 29
165 142 40
165 149 37
165 190 14
165 328 27
165 474 9
165 478 29
166 42 44
166 67 4
166 88 45
166 98 34
166 122 19
166 241 28
166 260 26
166 351 4
166 430 19
166 432 33
166 463 33
166 491 30
167 19 13
167 24 46
167 70 6
167 79 5
167 101 7
167 111 1
167 133 21
167 149 8
167 187 14
167 308 22
167 359 11
167 390 4
167 396 48
167 403 44
167 408 21
167 436 4
167 490 15
168 27 50
168 47 23
168 50 44
168 82 38
168 123 27
168 134 32
168 183 32
168 211 8
168 228 23
168 268 50
168 271 1
168 302 32
168 318 23
168 347 33
168 369 27
168 417 41
168 422 1
168 485 23
169 10 18
169 14 26
169 20 25
169 82 16
169 94 44
169 163 3
169 174 33
169 314 4
169 402 5
169 488 45
170 15 37
170 49 26
170 90 36
170 91 11
170 125 26
170 165 4
170 187 18
170 189 44
170 195 28
170 211 37
170 212 46
170 298 19
170 320 11
170 411 10
170 440 36
170 480 14
171 208 30
171 295 13
171 308 18
171 354 49
171 355 35
171 414 12
171 485 16
172 38 32
172 94 19
172 107 30
172 133 47
172 158 47
172 176 28
172 185 5
172 264 50
172 289 13
172 291 11
172 326 2
172 333 11
172 358 31
172 365 40
172 384 38
172 386 7
172 390 7
172 451 40
172 492 46
173 77 46
173 117 15
173 122 18
173 161 24
173 218 43
173 235 37
173 330 24
173 376 31
173 431 32
173 452 34
174 29 15
174 131 24
174 166 12
174 195 42
174 208 35
174 242 14
174 245 10
174 255 46
174 278 38
174 345 35
174 377 25
174 396 16
175 2 37
175 99 16
175 130 41
175 156 7
175 216 18
175 249 39
175 253 11
175 262 37
175 280 31
175 298 9
175 300 21
175 338 22
175 364 35
175 383 48
175 407 29
175 478 15
176 5 14
176 80 30
176 84 4
176 222 50
176 240 40
176 248 48
176 260 5
176 310 11
176 311 49
176 324 10
176 351 3
176 363 19
176 486 47
177 36 10
177 66 8
177 84 18
177 89 46
177 152 40
177 184 28
177 240 25
177 267 33
177 428 5
177 449 35
177 481 7
178 142 3
178 236 2
178 251 37
178 252 39
178 318 48
178 385 10
178 411 20
178 437 48
179 4 8
179 53 48
179 77 9
179 173 1
179 239 35
179 261 1
179 274 5
179 288 10
179 305 11
179 351 9
179 358 2
179 423 29
179 436 35
179 465 23
179 476 20
179 492 39
180 59 2
180 93 29
180 127 23
180 212 26
180 215 20
180 223 29
180 228 9
180 264 47
180 294 15
180 400 44
180 433 43
180 442 35
181 19 48
181 59 16
181 133 23
181 183 41
181 197 4
181 219 16
181 228 37
181 232 7
181 367 35
181 375 18
181 431 11
181 464 7
182 4 25
182 127 48
182 141 2
182 145 14
182 183 2
182 204 39
182 222 21
182 229 27
182 244 13
182 248 9
182 335 38
182 434 5
182 473 20
182 499 48
183 11 25
183 80 25
183 92 25
183 251 37
183 270 10
183 306 30
183 356 31
183 468 13
183 490 3
184 18 34
184 45 41
184 77 17
184 127 37
184 225 22
184 408 7
184 480 29
185 31 24
185 82 24
185 90 38
185 91 1
185 140 45
185 153 10
185 170 22
185 173 19
185 198 17
185 238 42
185 286 3
185 300 42
185 306 49
185 326 48
185 336 17
185 366 11
185 446 16
185 471 3
186 56 40
186 100 16
186 144 24
186 155 43
186 229 30
186 231 21
186 272 27
186 352 28
186 353 14
186 439 44
186 483 33
186 485 38
187 67 27
187 119 38
187 124 29
187 236 47
187 248 38
187 330 22
187 450 43
187 483 38
188 2 11
188 9 17
188 16 30
188 31 18
188 78 24
188 104 41
188 216 4
188 334 12
188 404 15
188 465 49
188 479 11
188 482 31
189 5 40
189 57 30
189 77 11
189 95 15
189 113 34
189 131 10
189 137 50
189 280 23
189 350 14
189 497 36
190 43 49
190 94 44
190 105 4
190 205 46
190 217 30
190 256 25
190 259 34
190 334 20
190 363 26
190 384 1
190 387 19
190 396 33
190 448 19
190 498 29
191 1 15
191 8 6
191 48 50
191 162 35
191 225 17
191 239 49
191 275 24
191 282 47
191 446 5
192 84 9
192 210 1
192 275 16
192 276 35
192 282 43
192 342 37
192 408 41
192 494 7
193 6 45
193 70 31
193 73 40
193 83 38
193 143 24
193 203 17
193 206 13
193 217 10
193 339 19
194 37 35
194 86 46
194 112 23
194 156 12
194 266 13
194 302 21
194 316 21
194 339 26
194 397 3
194 453 17
194 454 13
194 469 2
194 488 32
195 25 42
195 50 50
195 76 37
195 102 25
195 198 3
195 212 39
195 228 43
195 233 8
195 247 6
195 267 25
195 275 39
195 441 33
195 454 3
195 490 35
196 121 32
196 144 29
196 192 41
196 296 26
196 336 24
196 378 9
196 429 28
197 37 2
197 74 38
197 100 49
197 185 4
197 203 22
197 213 16
197 277 18
197 293 19
197 348 23
197 357 35
197 360 5
197 389 23
197 404 18
197 446 22
197 473 12
198 91 31
198 191 33
198 262 33
198 439 31
198 448 30
198 468 44
198 470 10
199 0 45
199 103 41
199 118 32
199 225 28
199 241 25
199 255 15
199 274 31
199 294 33
199 315 30
199 323 38
199 324 14
199 341 8
199 344 32
199 365 20
199 408 34
199 411 4
199 422 18
200 31 15
200 231 26
200 325 10
200 359 30
200 443 12
201 169 39
201 227 44
201 280 44
201 285 14
201 290 42
201 361 11
201 366 35
201 385 46
202 104 3
202 116 8
202 159 22
202 186 43
202 252 12
202 303 26
202 304 38
202 352 39
202 366 18
202 455 40
202 460 8
203 22 16
203 26 19
203 81 18
203 151 3
203 273 31
203 278 19
203 281 1
203 325 20
203 419 20
204 1 23
204 7 35
204 15 23
204 35 31
204 64 29
204 132 21
204 147 40
204 152 20
204 175 47
204 194 9
204 341 49
205 23 13
205 24 14
205 44 34
205 88 9
205 152 5
205 191 4
205 297 22
205 331 36
205 347 24
205 369 3
205 492 27
206 13 16
206 15 22
206 81 35
206 101 34
206 104 38
206 126 1
206 140 38
206 191 9
206 267 37
206 279 38
206 472 33
206 476 19
206 486 12
207 27 46
207 112 37
207 188 31
207 266 46
207 301 21
207 346 3
207 403 37
207 405 41
207 429 39
207 464 7
207 472 24
207 483 48
208 5 16
208 7 36
208 80 31
208 84 47
208 140 5
208 141 37
208 161 29
208 200 23
208 371 42
208 427 40
208 432 2
208 472 34
209 64 19
209 73 25
209 84 30
209 104 31
209 115 6
209 135 41
209 206 22
209 234 27
209 255 47
209 326 46
209 355 45
209 415 41
209 443 12
209 445 13
210 6 26
210 238 33
210 239 2
210 266 48
210 333 3
210 369 31
210 386 41
210 406 31
210 439 26
210 470 4
210 471 6
211 6 28
211 50 18
211 54 27
211 57 14
211 72 30
211 85 16
211 102 16
211 130 26
211 171 30
211 239 22
211 272 35
211 316 39
211 358 16
211 373 16
211 410 11
211 421 41
212 0 45
212 8 42
212 53 35
212 92 24
212 102 10
212 133 48
212 161 15
212 251 15
212 299 38
212 323 8
212 372 50
212 416 24
212 492 20
213 4 46
213 14 37
213 39 50
213 67 9
213 71 17
213 82 50
213 86 26
213 99 15
213 215 4
213 262 38
213 289 32
213 290 9
213 366 10
213 367 20
213 421 41
213 459 7
214 47 14
214 69 3
214 76 48
214 83 36
214 98 27
214 132 37
214 156 42
214 229 12
214 311 13
214 412 26
214 476 44
215 11 16
215 40 13
215 67 41
215 69 21
215 93 2
215 184 20
215 194 17
215 239 47
215 246 29
215 273 35
215 323 23
215 394 6
215 398 23
215 414 17
215 420 7
216 1 13
216 36 27
216 72 1
216 158 16
216 269 43
216 286 29
216 308 42
216 406 3
216 447 10
216 461 10
217 22 44
217 85 5
217 132 14
217 135 24
217 154 48
217 197 3
217 244 50
217 385 33
217 426 24
217 437 6
217 441 20
217 490 42
218 46 28
218 96 41
218 133 23
218 210 24
218 227 23
218 300 11
218 309 34
218 328 4
218 370 23
218 403 47
218 434 14
219 2 25
219 28 46
219 99 12
219 150 25
219 166 34
219 189 1
219 194 2
219 206 46
219 247 40
219 378 34
219 415 26
219 417 27
219 462 39
219 489 47
220 33 37
220 65 40
220 75 28
220 130 7
220 157 33
220 174 10
220 251 1
220 267 21
220 274 8
220 309 7
220 420 35
220 436 2
221 61 1
221 106 49
221 164 44
221 265 18
221 302 9
221 337 48
221 419 11
221 456 49
221 494 9
222 4 50
222 20 50
222 90 1
222 249 37
222 290 48
222 334 4
222 342 17
222 347 42
222 393 48
222 419 21
222 435 17
222 445 11
222 458 36
223 44 25
223 47 23
223 119 22
223 141 43
223 220 33
223 237 1
223 245 14
223 280 16
223 307 35
223 408 47
223 473 2
223 488 45
224 4 37
224 38 43
224 52 31
224 86 12
224 117 13
224 126 8
224 215 13
224 220 20
224 231 18
224 241 37
224 257 36
224 295 6
224 299 7
224 305 8
224 396 20
224 446 13
224 450 10
225 34 15
225 44 47
225 96 23
225 277 25
225 307 16
225 309 18
225 425 6
225 467 40
226 21 36
226 25 47
226 28 29
226 105 5
226 166 15
226 196 39
226 266 33
226 390 5
227 107 43
227 118 5
227 141 2
227 171 21
227 309 43
227 466 5
228 109 39
228 129 43
228 167 9
228 171 6
228 180 5
228 273 20
228 310 24
228 382 8
228 432 2
229 6 4
229 14 15
229 31 7
229 40 46
229 42 4
229 88 39
229 147 16
229 150 4
229 236 11
229 278 32
229 294 9
229 317 2
229 323 44
229 342 41
229 360 4
229 411 16
230 7 33
230 12 4
230 142 8
230 155 28
230 159 48
230 183 9
230 231 46
230 236 31
230 354 13
230 367 7
231 1 4
231 164 27
231 229 42
231 247 10
231 256 38
231 284 31
231 327 17
231 339 14
231 397 35
231 398 24
231 437 22
231 449 19
231 495 18
232 28 50
232 35 35
232 36 9
232 80 5
232 127 7
232 134 8
232 141 39
232 188 19
232 233 24
232 302 2
232 333 30
232 377 5
232 381 31
232 434 23
232 476 9
232 499 40
233 16 19
233 37 38
233 49 30
233 80 22
233 104 37
233 107 40
233 117 43
233 120 3
233 156 38
233 184 20
233 188 47
233 281 24
233 313 14
233 327 32
233 366 29
233 470 20
234 47 46
234 188 25
234 223 15
234 227 3
234 280 35
234 300 22
234 329 30
234 343 22
234 356 22
235 35 33
235 71 36
235 132 15
235 210 46
235 339 7
235 376 15
235 385 22
235 391 20
235 394 25
235 443 37
235 460 39
235 468 15
236 8 11
236 73 23
236 137 43
236 149 50
236 152 23
236 237 14
236 248 27
236 287 32
236 306 19
236 490 22
237 180 13
237 185 35
237 187 4
237 218 37
237 273 13
237 288 35
237 303 39
237 355 8
237 376 12
237 422 3
237 426 34
237 428 14
237 444 6
237 453 5
237 468 17
237 488 1
238 22 1
238 33 28
238 90 47
238 108 26
238 131 38
238 166 12
238 217 26
238 240 39
238 294 41
238 314 8
238 316 2
238 336 9
238 338 5
238 442 34
239 31 32
239 139 29
239 227 16
239 309 47
239 380 37
239 381 13
239 402 25
239 421 37
239 450 31
239 461 44
239 472 25
239 494 26
240 22 15
240 68 9
240 93 17
240 101 6
240 137 39
240 161 7
240 173 14
240 218 43
240 308 29
240 362 43
240 442 33
240 451 24
240 472 50
241 99 18
241 246 49
241 294 50
241 299 38
242 6 17
242 54 41
242 91 16
242 112 29
242 113 6
242 214 24
242 324 43
242 342 29
242 345 41
242 358 1
242 363 46
242 373 19
242 419 21
242 437 14
243 135 25
243 258 14
243 285 36
243 296 16
243 434 8
243 462 35
243 478 42
244 42 13
244 43 35
244 76 17
244 104 28
244 107 16
244 161 50
244 254 37
244 273 41
244 337 14
244 349 46
244 365 22
244 383 17
244 400 40
245 64 33
245 85 23
245 138 29
245 167 27
245 176 19
245 250 29
245 373 18
245 421 43
245 461 24
245 463 17
246 3 8
246 37 31
246 155 44
246 157 50
246 206 20
246 218 18
246 234 50
246 236 19
246 269 31
246 292 15
246 302 29
246 313 3
246 318 21
246 359 5
246 365 21
246 370 1
246 397 27
246 399 11
246 404 11
246 408 28
246 465 28
247 27 11
247 92 48
247 134 18
247 157 10
247 195 42
247 211 2
247 238 43
247 324 5
247 370 24
247 416 44
247 428 50
247 437 1
247 470 17
247 479 43
248 74 16
248 90 35
248 114 12
248 120 42
248 156 27
248 218 39
248 247 27
248 304 34
248 309 22
248 312 41
248 435 21
248 464 20
248 468 6
249 45 18
249 80 16
249 83 30
249 138 38
249 213 15
249 289 9
249 302 30
249 342 21
249 380 15
249 414 13
249 470 23
249 471 39
249 493 14
249 498 17
250 22 5
250 96 44
250 108 19
250 150 1
250 152 22
250 175 39
250 184 30
250 207 31
250 412 6
250 414 38
250 463 23
250 480 10
251 2 46
251 18 34
251 21 5
251 128 16
251 274 32
251 277 48
251 296 41
251 298 28
251 338 3
251 355 48
251 361 11
251 408 10
251 420 5
251 437 38
251 452 17
252 10 47
252 11 40
252 98 42
252 122 16
252 370 7
253 25 44
253 87 10
253 106 14
253 169 19
253 202 18
253 221 8
253 395 22
253 413 45
254 11 37
254 26 15
254 125 5
254 136 31
254 145 20
254 223 46
254 244 22
254 261 27
254 276 43
254 281 7
254 311 22
254 329 35
254 384 14
254 410 43
254 428 21
254 456 6
254 495 25
254 496 39
255 66 10
255 78 33
255 92 25
255 164 46
255 260 13
255 282 45
255 353 49
255 451 5
256 29 24
256 111 47
256 161 4
256 192 20
256 254 21
256 291 10
256 304 34
256 320 28
256 434 1
256 459 39
257 61 1
257 78 42
257 132 38
257 187 4
257 277 9
257 305 38
257 337 48
258 2 24
258 29 32
258 56 47
258 58 21
258 85 7
258 151 13
258 154 49
258 157 2
258 159 19
258 301 1
258 355 12
258 460 49
259 14 6
259 20 43
259 95 12
259 156 4
259 266 13
259 345 26
259 378 42
259 445 12
259 474 12
259 497 41
260 18 3
260 215 8
260 224 38
260 264 4
260 332 23
260 349 34
260 365 17
260 401 25
261 0 16
261 54 18
261 90 44
261 127 14
261 138 4
261 197 22
261 206 23
261 208 46
261 220 40
261 267 32
261 280 5
261 329 31
261 348 43
261 360 26
261 384 50
261 390 3
261 411 16
261 419 44
261 461 26
261 469 45
261 474 5
262 19 38
262 34 4
262 54 8
262 69 43
262 75 15
262 97 18
262 154 11
262 228 27
262 258 4
262 291 29
262 327 5
262 353 15
262 426 2
262 428 26
262 435 26
262 437 32
262 492 40
262 498 31
263 60 26
263 70 6
263 91 40
263 119 14
263 142 15
263 147 3
263 159 48
263 218 38
263 237 21
263 246 12
263 248 25
263 282 37
263 290 4
263 454 13
263 469 22
263 493 4
264 18 19
264 27 39
264 30 39
264 80 10
264 131 37
264 141 22
264 149 36
264 163 15
264 183 10
264 184 10
264 301 45
264 302 38
264 310 20
264 323 21
264 337 28
264 373 18
264 375 46
264 499 40
265 20 23
265 27 34
265 106 48
265 186 13
265 195 29
265 233 2
265 286 22
265 334 12
265 396 16
265 400 44
265 489 3
266 94 19
266 115 33
266 133 12
266 187 2
266 197 14
266 258 30
266 321 1
266 476 26
266 493 44
266 496 10
267 41 32
267 57 26
267 76 14
267 102 50
267 290 21
267 326 8
267 403 43
267 448 16
267 467 29
268 34 9
268 90 41
268 134 30
268 140 49
268 211 23
268 246 4
268 302 7
268 320 21
268 369 20
268 412 6
268 423 1
268 470 13
268 483 21
269 18 41
269 46 18
269 49 49
269 55 42
269 56 42
269 58 8
269 62 22
269 70 18
269 145 37
269 151 21
269 178 21
269 223 27
269 229 22
269 240 41
269 248 3
269 281 45
269 365 42
269 371 7
269 404 39
269 406 23
270 10 12
270 49 3
270 62 38
270 89 10
270 177 34
270 208 16
270 238 31
270 398 48
270 400 2
270 486 49
271 10 19
271 11 46
271 21 47
271 23 2
271 81 32
271 107 34
271 129 28
271 131 22
271 170 31
271 171 10
271 176 27
271 177 4
271 207 9
271 380 34
271 451 1
271 476 37
272 11 30
272 14 39
272 76 46
272 108 7
272 118 45
272 135 47
272 267 45
272 283 12
272 314 5
272 320 42
272 410 25
273 99 14
273 166 10
273 168 23
273 228 25
273 265 39
273 389 38
273 474 28
273 490 50
274 3 18
274 66 5
274 128 25
274 147 33
274 200 44
274 216 26
274 226 39
274 270 34
274 294 27
274 332 24
274 347 47
274 414 38
274 435 21
274 492 2
275 2 41
275 5 13
275 53 39
275 55 39
275 71 44
275 148 48
275 155 4
275 158 9
275 371 23
275 398 29
275 421 6
275 435 14
276 21 47
276 80 5
276 91 28
276 111 14
276 122 17
276 138 44
276 200 24
276 218 6
276 257 9
276 266 39
276 422 13
277 68 24
277 100 3
277 118 45
277 120 29
277 126 14
277 145 32
277 170 31
277 349 9
277 359 3
277 396 34
277 407 31
277 449 23
277 499 26
278 61 49
278 89 31
278 137 41
278 164 40
278 197 19
278 225 27
278 231 43
278 233 41
278 244 19
278 277 38
278 306 24
278 307 40
278 331 28
278 349 34
278 379 18
278 392 16
278 450 28
279 13 39
279 33 10
279 39 44
279 48 16
279 77 17
279 220 37
279 331 23
279 349 45
279 398 35
279 410 7
279 423 49
280 43 30
280 52 28
280 61 31
280 76 29
280 100 16
280 248 23
280 279 15
280 334 27
280 346 45
280 415 9
280 431 9
281 54 31
281 74 7
281 79 1
281 108 20
281 154 40
281 164 18
281 183 25
281 206 31
281 221 9
281 315 14
281 341 10
281 385 3
281 496 12
281 497 3
282 147 44
282 225 23
282 231 50
282 276 47
282 402 31
282 480 49
282 486 44
283 139 13
283 166 24
283 178 15
283 216 16
283 285 34
283 347 37
283 362 15
283 371 45
283 377 49
283 382 48
283 395 49
283 400 42
283 408 19
283 462 29
284 4 31
284 26 8
284 74 47
284 141 14
284 198 37
284 244 15
284 245 33
284 247 28
284 248 30
284 252 15
284 318 26
284 375 31
284 447 32
284 467 29
284 469 38
285 12 48
285 14 21
285 108 44
285 150 27
285 164 25
285 186 14
285 239 46
285 305 40
285 374 33
285 458 11
286 0 8
286 13 2
286 21 29
286 187 19
286 226 4
286 257 50
286 262 8
286 335 37
286 351 4
286 361 9
286 418 28
286 449 34
286 479 11
287 23 48
287 82 14
287 105 30
287 129 4
287 245 40
287 275 44
287 301 45
287 352 21
287 374 16
287 380 25
287 391 1
287 418 29
287 466 16
287 480 34
287 488 41
288 13 28
288 33 43
288 35 12
288 59 37
288 116 19
288 129 40
288 190 9
288 302 26
288 317 26
288 335 30
288 345 24
288 354 30
288 359 50
288 363 4
288 391 45
288 439 27
288 447 47
288 487 12
289 66 5
289 100 37
289 116 36
289 155 38
289 246 49
289 260 30
289 290 12
289 409 26
289 438 13
289 451 19
289 453 10
289 469 49
290 66 24
290 97 28
290 114 22
290 137 50
290 145 50
290 166 10
290 184 30
290 186 24
290 198 16
290 213 22
290 218 39
290 304 46
290 308 27
290 318 13
290 400 37
290 426 49
290 429 25
291 43 50
291 70 45
291 108 50
291 122 16
291 127 47
291 156 36
291 163 34
291 206 19
292 36 4
292 49 30
292 68 34
292 76 37
292 124 22
292 128 42
292 158 3
292 193 9
292 201 18
292 258 8
292 350 8
292 391 39
292 449 50
293 35 32
293 87 23
293 99 46
293 295 32
293 374 30
293 389 26
293 403 33
294 62 10
294 94 14
294 102 34
294 147 18
294 267 19
294 292 23
294 338 9
294 342 17
294 347 43
294 353 11
294 433 27
295 1 34
295 39 5
295 187 29
295 238 29
295 249 50
295 250 25
295 282 22
295 303 34
295 317 9
295 321 32
295 348 17
295 365 39
295 415 6
295 452 6
295 470 41
296 37 44
296 40 38
296 60 48
296 159 36
296 182 36
296 199 31
296 291 45
296 328 21
296 361 6
296 420 4
297 60 50
297 78 48
297 144 20
297 249 47
297 266 24
297 282 16
297 350 37
298 69 38
298 127 9
298 144 43
298 182 32
298 184 12
298 230 22
298 269 46
298 348 38
298 355 48
298 366 10
298 393 20
298 467 10
298 497 28
299 7 28
299 11 48
299 13 24
299 142 19
299 159 32
299 194 10
299 309 49
299 330 46
299 343 27
299 348 12
299 365 20
299 398 29
299 408 24
299 441 34
299 450 13
300 55 48
300 66 17
300 112 4
300 141 13
300 251 25
300 264 42
300 298 3
300 309 30
300 325 11
300 334 25
300 385 31
300 411 8
300 454 47
301 41 21
301 49 28
301 158 13
301 164 19
301 178 22
301 278 3
301 281 22
301 316 14
301 328 31
301 347 32
301 352 41
301 385 45
301 416 19
302 70 40
302 81 49
302 88 20
302 91 5
302 160 32
302 198 10
302 199 40
302 231 4
302 282 29
302 327 8
302 361 12
302 391 35
302 416 35
302 436 42
302 465 15
302 476 20
303 7 10
303 10 19
303 118 26
303 219 38
303 276 40
303 334 50
303 344 30
304 55 1
304 129 50
304 161 16
304 194 49
304 314 11
304 340 17
304 410 33
304 425 49
304 466 40
304 472 50
305 3 37
305 8 49
305 115 4
305 160 7
305 172 36
305 219 19
305 233 11
305 297 5
305 352 33
305 422 39
305 428 40
305 441 8
305 473 33
305 486 5
305 498 12
305 499 39
306 13 1
306 109 22
306 112 17
306 134 35
306 145 37
306 150 35
306 328 20
306 345 10
306 399 30
306 449 3
306 484 9
307 3 50
307 7 1
307 30 13
307 32 20
307 120 32
307 132 39
307 162 42
307 163 25
307 247 44
307 258 26
307 355 10
307 407 28
307 464 26
307 493 18
307 495 3
308 45 6
308 54 14
308 56 2
308 78 43
308 81 27
308 86 8
308 113 35
308 121 44
308 211 34
308 219 16
308 262 31
308 286 18
308 301 35
308 405 24
308 441 20
308 470 24
308 482 33
309 46 44
309 51 39
309 54 13
309 69 17
309 131 14
309 136 21
309 139 2
309 230 45
309 322 17
309 382 17
309 393 47
309 433 20
309 456 11
309 479 39
310 45 41
310 58 44
310 82 21
310 262 41
310 269 19
310 295 12
310 302 34
310 312 32
310 325 41
310 370 42
310 411 24
310 420 39
310 496 10
310 499 50
311 3 50
311 8 18
311 46 27
311 64 24
311 105 45
311 107 34
311 178 13
311 189 9
311 191 26
311 221 13
311 229 11
311 280 1
311 298 23
311 341 1
311 343 10
311 376 43
311 398 46
311 409 30
311 415 35
311 483 43
312 20 5
312 29 14
312 87 46
312 115 15
312 209 28
312 212 18
312 224 5
312 267 50
312 277 9
312 283 36
312 467 11
313 2 43
313 71 14
313 88 49
313 162 23
313 185 7
313 231 37
313 232 6
313 236 39
313 305 40
313 310 33
313 357 23
313 499 15
314 16 17
314 182 13
314 201 5
314 224 12
314 258 19
314 271 48
314 274 35
314 369 21
314 378 23
314 468 44
315 34 28
315 54 47
315 128 22
315 151 36
315 162 16
315 305 7
315 337 50
315 340 4
315 341 29
315 344 50
315 357 20
315 401 42
315 411 40
315 422 14
315 466 27
315 482 34
316 117 43
316 155 3
316 320 9
316 331 7
316 419 38
317 52 46
317 58 39
317 95 34
317 103 26
317 111 18
317 118 28
317 120 7
317 158 35
317 226 9
317 270 21
317 273 3
317 349 16
317 357 4
317 408 24
317 443 29
317 451 3
317 452 27
317 460 35
317 480 10
318 11 12
318 70 22
318 322 39
318 351 47
318 377 19
318 382 19
318 389 43
318 402 5
318 407 8
318 412 17
318 463 14
318 464 36
319 14 50
319 64 36
319 75 2
319 249 42
319 264 47
319 353 14
319 377 32
319 412 13
319 434 23
319 463 12
320 0 22
320 12 40
320 54 46
320 69 46
320 92 5
320 99 21
320 112 1
320 185 14
320 196 31
320 373 11
321 65 33
321 100 43
321 114 12
321 118 8
321 161 35
321 196 23
321 208 1
321 322 35
321 338 33
321 378 10
322 47 14
322 89 41
322 108 28
322 109 10
322 207 37
322 239 23
322 304 6
322 330 22
322 331 13
322 346 42
322 394 3
322 431 28
322 432 17
322 496 5
323 9 48
323 34 31
323 145 46
323 164 26
323 192 30
323 221 13
323 251 29
323 254 5
323 308 45
323 336 13
323 460 22
323 463 45
323 471 42
323 495 44
324 24 30
324 25 13
324 62 49
324 74 26
324 109 34
324 130 41
324 140 42
324 371 16
324 438 20
324 445 48
324 478 27
324 486 3
325 35 34
325 81 21
325 101 40
325 167 42
325 177 25
325 209 16
325 290 24
325 413 14
325 419 12
325 427 47
326 2 36
326 19 9
326 59 5
326 87 24
326 94 22
326 100 19
326 118 44
326 236 34
326 239 41
326 297 43
326 303 9
326 450 39
326 497 39
327 11 42
327 36 1
327 68 5
327 138 34
327 152 16
327 208 40
327 248 35
327 255 18
327 286 49
327 321 19
327 331 6
327 359 28
327 365 50
327 463 35
327 483 47
327 498 29
328 21 16
328 24 3
328 67 2
328 88 1
328 129 13
328 132 7
328 187 49
328 189 41
328 193 42
328 201 18
328 208 42
328 263 18
328 287 23
328 329 24
328 353 29
328 369 43
328 421 44
328 455 7
329 32 30
329 61 28
329 97 27
329 153 21
329 172 38
329 201 42
329 285 36
329 342 45
329 364 33
329 409 20
329 415 10
329 457 22
329 460 39
330 35 35
330 59 15
330 93 38
330 103 12
330 189 40
330 301 1
330 321 10
331 3 8
331 37 38
331 165 4
331 198 15
331 237 21
331 263 35
331 294 9
331 349 5
331 357 44
331 397 14
331 413 44
331 448 28
331 482 29
331 495 16
332 102 21
332 133 49
332 188 17
332 201 48
332 222 38
332 301 11
332 337 19
332 339 23
332 416 44
333 0 7
333 10 12
333 31 29
333 81 19
333 85 15
333 96 32
333 101 22
333 136 41
333 195 46
333 212 46
333 287 7
333 487 6
334 115 46
334 287 42
334 306 6
334 354 24
334 402 36
334 440 42
335 0 37
335 42 23
335 62 8
335 66 7
335 81 1
335 97 3
335 100 30
335 128 11
335 139 47
335 194 40
335 353 47
335 430 42
336 60 42
336 74 9
336 111 49
336 247 21
336 252 30
336 253 31
336 273 15
336 343 30
336 415 36
337 40 43
337 75 38
337 174 49
337 288 18
337 292 13
337 302 43
337 309 15
337 330 9
337 432 26
337 467 18
337 485 15
337 486 33
338 10 6
338 13 31
338 128 40
338 151 24
338 218 28
338 222 23
338 273 38
338 323 45
338 347 46
338 365 37
338 398 30
338 416 21
338 463 38
338 464 39
338 471 1
338 486 12
339 10 41
339 31 33
339 96 37
339 108 18
339 132 7
339 143 11
339 218 14
339 257 5
339 264 3
339 273 7
339 288 11
339 320 49
339 364 45
339 381 21
339 395 19
339 409 24
339 463 38
339 486 35
340 8 50
340 62 50
340 81 39
340 89 23
340 137 13
340 165 15
340 276 45
340 287 21
340 307 44
340 363 9
340 368 28
340 369 31
340 467 32
341 17 28
341 55 16
341 94 9
341 125 4
341 271 7
341 282 20
341 360 35
341 380 41
341 388 40
341 395 33
341 400 10
341 401 49
341 415 21
341 469 38
341 489 23
342 35 32
342 54 42
342 153 30
342 286 48
342 344 6
342 409 33
342 474 8
343 30 19
343 59 36
343 151 17
343 168 26
343 189 39
343 239 8
343 298 12
343 413 8
343 418 24
343 437 25
343 439 9
344 69 27
344 115 36
344 153 36
344 155 33
344 196 2
344 262 23
344 340 35
344 467 11
344 482 50
344 489 13
344 497 2
345 7 34
345 54 9
345 111 45
345 128 15
345 129 23
345 175 21
345 200 45
345 312 29
345 325 49
345 330 44
345 456 47
346 49 12
346 75 44
346 168 24
346 196 47
346 214 26
346 269 41
346 295 7
346 393 24
346 421 41
346 456 42
347 23 21
347 39 20
347 62 9
347 97 5
347 251 9
347 303 42
347 324 49
347 333 17
347 490 15
348 84 47
348 95 14
348 128 16
348 129 9
348 130 32
348 204 35
348 281 45
348 345 17
348 350 9
349 20 40
349 77 50
349 83 42
349 94 24
349 178 15
349 271 50
349 280 9
349 290 12
349 321 42
349 357 30
349 432 1
349 468 32
349 495 38
350 61 4
350 69 24
350 93 11
350 119 22
350 190 2
350 251 20
350 317 39
350 371 49
350 498 25
351 10 40
351 18 37
351 71 50
351 76 17
351 80 8
351 164 49
351 200 34
351 248 40
351 256 7
351 261 21
351 269 5
351 275 33
351 300 18
351 312 21
351 381 27
351 466 11
351 470 28
351 482 1
352 57 1
352 124 42
352 131 1
352 132 14
352 180 17
352 182 48
352 184 12
352 267 38
352 274 13
352 283 46
352 287 21
352 289 28
352 307 21
352 317 3
352 357 39
352 372 28
352 387 36
352 398 41
352 416 5
352 443 7
352 476 26
353 41 23
353 71 27
353 88 24
353 96 26
353 126 50
353 331 15
353 355 27
353 373 2
353 425 6
354 71 12
354 113 18
354 115 50
354 166 2
354 205 14
354 224 23
354 287 15
354 320 2
354 392 8
354 395 23
354 408 29
354 448 16
354 480 17
355 61 45
355 173 31
355 187 18
355 219 41
355 225 16
355 241 4
355 294 30
355 346 15
355 385 15
355 405 25
355 440 41
355 483 29
356 5 13
356 14 27
356 74 12
356 91 43
356 134 14
356 181 13
356 202 19
356 283 28
356 378 28
356 383 14
356 431 9
356 482 4
357 27 28
357 49 30
357 234 16
357 268 4
357 301 45
357 310 40
357 378 18
357 391 40
357 459 38
358 17 46
358 27 47
358 114 6
358 157 16
358 217 27
358 264 10
358 289 30
358 313 23
358 326 10
358 402 39
358 403 11
358 410 34
358 496 23
359 31 28
359 72 49
359 144 45
359 225 28
359 228 49
359 268 8
359 336 38
359 343 41
359 344 11
359 366 38
359 400 33
359 446 14
359 447 19
359 469 44
359 472 35
360 5 2
360 15 24
360 23 21
360 70 9
360 95 26
360 124 17
360 136 8
360 160 28
360 192 41
360 273 18
360 291 44
360 294 20
360 342 40
360 361 29
360 408 23
360 413 32
360 429 3
361 33 16
361 36 50
361 160 17
361 166 32
361 167 9
361 248 21
361 301 44
361 319 6
362 35 27
362 163 11
362 197 3
362 216 44
362 245 28
362 287 16
362 303 26
362 375 45
362 397 37
362 407 19
362 461 9
363 26 31
363 44 2
363 60 44
363 107 39
363 110 50
363 114 33
363 132 28
363 161 50
363 220 38
363 224 26
363 394 46
363 410 14
363 471 41
363 478 29
364 11 13
364 31 29
364 74 12
364 75 1
364 143 25
364 152 50
364 255 11
364 268 37
364 307 2
364 326 24
364 380 44
364 408 17
365 17 2
365 21 11
365 55 6
365 190 40
365 261 31
365 313 5
365 388 17
365 428 2
365 489 5
366 112 14
366 171 11
366 182 3
366 192 38
366 206 44
366 251 29
366 353 34
366 385 38
366 427 28
366 468 1
366 470 28
367 96 37
367 117 31
367 160 17
367 171 32
367 225 10
367 334 1
367 338 23
367 342 10
367 360 28
367 370 19
367 371 31
367 413 27
367 496 7
368 21 9
368 24 22
368 78 41
368 122 6
368 143 33
368 200 7
368 280 7
368 282 28
368 305 5
368 318 6
368 331 14
368 391 10
368 467 4
368 494 10
369 8 42
369 19 40
369 44 5
369 109 21
369 127 19
369 156 16
369 158 3
369 207 18
369 241 32
369 248 27
369 355 44
369 365 42
369 429 3
369 432 3
369 446 7
369 453 8
370 57 35
370 73 39
370 111 13
370 174 7
370 178 44
370 244 42
370 264 27
370 275 33
370 353 24
370 386 34
370 431 35
370 451 40
371 60 1
371 189 44
371 270 4
371 289 29
371 343 15
371 378 7
371 459 30
371 480 44
372 15 5
372 45 47
372 89 49
372 217 35
372 362 11
372 391 41
373 2 46
373 17 35
373 25 34
373 49 43
373 74 17
373 140 3
373 144 20
373 245 25
373 345 3
373 493 21
374 54 2
374 55 30
374 106 36
374 180 35
374 245 21
374 336 19
374 337 1
374 376 17
374 414 40
374 452 13
374 462 31
375 36 17
375 46 2
375 170 44
375 210 35
375 314 42
375 339 1
375 358 8
375 432 1
376 99 7
376 108 16
376 167 8
376 205 50
376 244 45
376 257 16
376 277 7
376 315 20
376 329 22
376 348 17
376 355 45
376 368 5
376 447 47
376 476 42
376 499 5
377 11 37
377 58 15
377 79 18
377 117 37
377 129 36
377 160 44
377 163 12
377 233 49
377 271 23
377 272 11
377 364 22
377 382 14
377 393 23
377 419 31
377 431 10
377 463 33
377 496 8
378 24 50
378 30 16
378 42 22
378 197 47
378 252 36
378 273 12
378 298 11
378 330 36
378 350 46
378 367 19
378 372 3
378 394 32
378 410 41
378 470 1
379 48 12
379 52 30
379 71 39
379 79 36
379 130 33
379 220 41
379 232 30
379 312 33
379 406 33
379 412 49
379 432 29
379 456 37
379 487 20
380 57 18
380 105 17
380 137 23
380 198 36
380 235 40
380 297 38
380 347 29
380 357 1
380 388 3
380 411 12
380 468 44
380 495 37
381 73 10
381 107 39
381 112 41
381 116 21
381 224 13
381 336 34
381 346 38
381 417 2
381 432 38
381 434 17
381 441 48
381 470 37
382 128 9
382 136 19
382 140 29
382 289 32
382 334 31
382 360 28
382 425 9
382 454 17
382 467 2
383 1 34
383 11 35
383 50 15
383 71 39
383 86 27
383 96 4
383 213 47
383 248 35
383 253 45
383 360 22
383 466 3
383 489 19
384 108 8
384 134 36
384 140 7
384 258 11
384 271 28
384 376 16
384 402 23
384 417 13
384 460 40
384 474 24
384 487 25
385 9 18
385 24 26
385 50 21
385 86 30
385 115 21
385 117 5
385 130 13
385 241 45
385 245 42
385 259 31
385 345 4
385 377 13
385 410 17
385 422 30
385 435 42
385 491 49
385 494 47
386 9 9
386 34 14
386 62 6
386 106 29
386 256 5
386 273 9
386 279 47
387 199 21
387 263 36
387 273 2
387 315 27
387 323 25
387 345 25
387 358 42
387 370 10
387 389 4
387 397 27
387 467 17
387 472 1
388 49 41
388 112 29
388 178 8
388 205 13
388 207 19
388 352 41
388 444 8
389 5 42
389 20 48
389 82 24
389 118 8
389 133 27
389 146 38
389 213 50
389 217 28
389 241 8
389 276 12
389 278 15
389 306 39
389 317 23
389 395 48
389 426 36
389 429 35
389 436 18
389 456 42
390 79 38
390 166 14
390 181 19
390 215 18
390 245 44
390 276 45
390 306 40
390 327 26
390 487 4
391 8 22
391 22 18
391 24 9
391 63 25
391 119 42
391 153 44
391 216 31
391 256 24
391 306 8
391 350 24
391 368 6
391 382 32
391 418 23
391 458 32
392 1 20
392 5 34
392 35 14
392 51 39
392 55 29
392 77 5
392 85 26
392 114 48
392 199 11
392 347 47
392 440 50
393 38 10
393 119 19
393 128 38
393 195 26
393 204 42
393 250 48
393 316 41
393 343 23
393 379 18
393 420 6
393 459 17
393 465 37
394 14 30
394 103 28
394 175 13
394 195 3
394 200 38
394 260 1
394 282 2
394 293 36
394 387 4
395 9 12
395 16 30
395 55 46
395 58 20
395 80 27
395 119 5
395 163 42
395 169 3
395 182 45
395 218 7
395 265 38
395 350 37
395 353 18
395 444 5
395 485 50
395 486 2
395 488 23
396 5 8
396 49 7
396 149 17
396 282 45
396 339 50
396 380 7
396 407 22
396 429 32
396 456 15
396 457 40
396 470 39
396 481 2
397 6 13
397 98 21
397 177 40
397 196 1
397 225 49
397 259 21
397 272 2
397 315 47
397 323 32
397 357 21
397 375 12
397 408 38
397 437 23
398 11 21
398 30 14
398 38 14
398 40 45
398 62 23
398 71 5
398 105 3
398 123 11
398 130 16
398 135 11
398 226 32
398 237 14
398 299 11
398 311 37
398 313 17
398 352 45
398 408 48
398 432 41
398 453 13
399 28 4
399 88 9
399 94 32
399 278 47
399 279 24
399 298 6
399 300 8
399 342 32
399 344 37
399 359 16
399 386 38
399 387 7
399 404 42
399 434 3
400 128 30
400 144 4
400 152 6
400 169 13
400 200 33
400 260 28
400 284 9
400 302 32
401 113 11
401 131 50
401 202 50
401 267 50
401 295 10
401 312 33
401 321 36
401 439 3
401 441 39
401 470 32
402 57 48
402 69 45
402 115 45
402 119 6
402 154 50
402 165 29
402 217 1
402 229 42
402 273 30
402 413 45
402 420 42
402 482 30
403 27 47
403 58 33
403 69 2
403 136 44
403 146 28
403 156 37
403 243 48
403 245 30
403 287 31
403 440 48
403 455 1
404 14 39
404 22 50
404 27 47
404 90 50
404 147 32
404 189 48
404 311 49
404 352 39
404 391 26
404 403 25
404 416 24
404 462 30
404 498 46
405 48 10
405 53 30
405 146 28
405 155 14
405 172 31
405 183 32
405 196 42
405 239 15
405 286 32
405 307 28
405 333 13
405 375 48
405 394 5
405 416 20
405 432 36
405 453 38
405 470 6
406 58 45
406 59 48
406 71 41
406 94 35
406 164 26
406 175 17
406 194 9
406 209 4
406 215 44
406 251 50
406 300 18
406 313 6
407 123 28
407 152 5
407 177 29
407 212 34
407 276 40
407 349 13
407 360 26
407 413 30
408 161 15
408 164 46
408 247 47
408 361 18
408 384 49
408 409 3
408 460 28
408 495 37
409 42 20
409 173 14
409 275 23
409 282 2
409 339 32
409 420 31
409 485 43
410 23 6
410 138 40
410 143 10
410 186 19
410 238 15
410 331 24
410 333 38
410 360 18
410 405 4
410 472 5
411 90 46
411 189 32
411 218 22
411 225 30
411 252 33
411 288 27
411 465 37
411 468 2
412 10 35
412 46 7
412 100 40
412 284 43
412 298 2
412 342 25
412 353 31
412 402 37
412 416 21
412 496 24
413 0 23
413 5 7
413 33 41
413 53 22
413 96 44
413 111 49
413 123 47
413 133 13
413 137 29
413 188 19
413 197 29
413 214 49
413 330 7
413 387 13
413 396 31
413 463 50
414 19 7
414 80 48
414 203 20
414 320 22
414 369 7
414 382 33
414 409 24
414 461 34
414 497 38
415 34 18
415 38 33
415 54 50
415 109 36
415 114 38
415 118 34
415 158 4
415 162 8
415 219 27
415 272 34
415 300 39
415 351 50
415 410 27
416 22 39
416 93 43
416 145 3
416 212 34
416 233 29
416 300 11
416 333 46
416 339 26
416 360 23
416 390 30
416 434 5
416 454 20
416 461 6
416 471 1
417 69 5
417 81 10
417 90 31
417 144 21
417 185 29
417 224 23
417 265 26
417 314 9
417 397 48
417 453 8
418 5 37
418 8 15
418 112 28
418 139 20
418 141 6
418 144 34
418 158 50
418 162 33
418 205 21
418 207 39
418 223 35
418 236 5
418 265 5
418 282 42
418 307 3
418 334 30
418 365 27
418 484 13
419 67 5
419 83 12
419 146 36
419 155 14
419 159 8
419 188 3
419 225 31
419 243 5
419 256 32
419 262 7
419 409 15
419 425 27
419 459 38
420 44 19
420 54 12
420 73 39
420 168 42
420 187 13
420 201 22
420 232 11
420 247 43
420 253 4
420 303 29
420 311 36
420 341 25
420 355 19
420 395 41
420 398 42
420 479 28
421 29 32
421 80 2
421 85 29
421 95 4
421 100 12
421 110 41
421 153 22
421 199 43
421 246 10
421 269 31
421 278 28
421 290 50
421 372 4
421 393 5
421 399 16
421 430 4
422 2 42
422 25 23
422 51 12
422 52 48
422 117 40
422 145 13
422 161 35
422 278 19
422 293 33
422 309 42
422 331 44
422 388 8
422 425 24
422 470 34
422 491 14
423 3 10
423 44 11
423 46 7
423 102 28
423 143 9
423 154 34
423 221 49
423 254 30
423 317 20
423 358 32
423 374 29
423 440 16
423 457 49
424 19 29
424 89 35
424 92 48
424 111 8
424 122 40
424 162 17
424 211 47
424 224 45
424 257 42
424 297 46
424 304 33
424 350 3
425 57 24
425 108 13
425 129 45
425 173 42
425 214 13
425 242 10
425 275 6
425 301 38
425 373 36
425 379 36
425 410 14
425 453 17
426 63 18
426 79 12
426 110 30
426 138 38
426 177 20
426 185 15
426 189 34
426 312 8
426 314 36
426 317 30
426 448 42
426 454 35
427 7 50
427 19 34
427 89 26
427 164 24
427 167 22
427 197 50
427 204 31
427 266 25
427 272 28
427 276 2
427 325 10
427 328 3
427 393 16
427 404 1
427 488 17
428 31 21
428 86 45
428 122 38
428 171 41
428 176 35
428 225 22
428 312 23
428 356 50
428 369 29
428 370 29
428 383 33
428 430 1
428 435 5
428 468 41
428 481 46
428 483 20
428 495 15
429 19 35
429 47 19
429 62 33
429 85 50
429 104 2
429 119 20
429 123 23
429 223 16
429 270 28
429 278 3
429 284 30
429 334 35
429 357 43
429 420 27
429 431 33
429 435 40
429 479 36
429 498 2
430 25 9
430 80 22
430 123 15
430 157 30
430 159 10
430 180 36
430 209 38
430 285 43
430 331 27
430 417 36
430 421 35
430 451 22
430 455 26
431 20 31
431 37 11
431 162 30
431 217 25
431 224 4
431 270 41
431 288 1
431 412 15
431 422 32
432 65 49
432 194 9
432 246 23
432 355 27
432 414 4
433 16 23
433 66 44
433 168 6
433 183 10
433 210 45
433 359 46
433 386 1
433 466 42
434 8 13
434 36 5
434 48 45
434 150 48
434 242 11
434 259 47
434 369 30
434 408 22
435 36 40
435 84 36
435 100 37
435 139 42
435 141 17
435 172 7
435 174 47
435 187 45
435 218 41
435 261 1
435 280 24
435 295 28
435 347 29
435 354 20
435 427 36
435 479 4
436 91 36
436 101 6
436 105 39
436 123 25
436 247 6
436 303 26
436 465 29
437 19 24
437 54 33
437 140 34
437 152 41
437 286 30
437 303 12
437 339 22
437 342 39
437 345 34
437 355 28
437 431 7
437 434 27
437 472 29
438 36 42
438 41 31
438 60 26
438 65 12
438 102 11
438 243 18
438 271 43
438 356 47
438 388 4
438 434 49
438 453 39
438 498 14
439 50 3
439 111 23
439 157 41
439 220 41
439 305 5
439 386 48
439 435 44
439 468 41
440 24 50
440 31 20
440 52 20
440 108 42
440 110 41
440 137 16
440 154 26
440 252 27
440 307 38
440 336 4
440 418 22
440 447 42
440 484 1
441 17 31
441 31 20
441 153 34
441 173 47
441 176 35
441 203 8
441 221 25
441 224 44
441 320 32
441 338 21
441 426 34
441 495 34
441 496 23
442 82 16
442 111 33
442 142 48
442 305 11
442 318 29
442 368 6
442 388 10
442 410 35
442 413 9
442 440 25
442 445 21
442 498 18
443 30 44
443 66 42
443 78 3
443 87 43
443 99 2
443 121 20
443 143 12
443 403 23
443 426 17
443 437 32
443 448 30
444 19 18
444 20 27
444 31 5
444 74 38
444 80 29
444 132 18
444 152 29
444 153 43
444 185 5
444 313 26
444 317 21
444 335 28
444 367 23
444 385 10
444 388 9
444 441 38
445 5 30
445 131 22
445 203 13
445 215 50
445 236 8
445 239 26
445 315 34
445 326 39
445 355 48
445 370 39
445 422 26
445 464 49
445 484 31
446 77 4
446 128 35
446 151 42
446 175 44
446 195 2
446 198 15
446 258 25
446 292 40
446 397 16
446 436 21
446 473 10
447 36 10
447 145 20
447 188 47
447 195 47
447 223 46
447 230 18
447 238 37
447 269 5
447 270 28
447 474 39
447 489 49
447 490 35
447 498 22
448 55 45
448 75 48
448 233 37
448 334 44
448 357 23
448 374 35
448 394 15
449 180 16
449 211 7
449 222 5
449 235 27
449 238 23
449 246 35
449 258 7
449 263 43
449 288 5
449 305 14
449 309 39
449 364 45
449 408 30
449 410 28
449 489 40
450 26 43
450 35 40
450 147 49
450 247 16
450 275 29
450 284 41
450 292 47
450 294 11
450 317 19
450 338 43
450 367 29
450 408 16
451 2 40
451 29 36
451 114 44
451 165 42
451 185 19
451 216 11
451 244 46
451 304 24
451 318 41
451 322 5
451 352 3
451 373 6
451 377 26
451 402 46
451 445 13
451 469 2
451 480 39
451 487 17
451 492 18
452 14 45
452 32 34
452 46 10
452 74 31
452 106 38
452 191 25
452 239 7
452 330 31
452 373 19
452 422 21
452 444 2
453 56 34
453 115 22
453 163 37
453 240 38
453 332 7
453 380 50
453 387 15
453 393 19
453 412 19
453 441 48
453 492 8
454 89 4
454 174 49
454 314 42
454 315 25
454 316 38
454 318 10
454 344 8
454 348 41
454 371 34
454 432 10
454 433 16
455 28 27
455 145 17
455 187 12
455 285 1
455 420 32
455 447 33
455 469 25
455 487 44
456 54 6
456 55 5
456 67 38
456 84 48
456 112 38
456 161 17
456 168 44
456 212 50
456 298 14
456 333 14
456 445 7
457 91 7
457 114 33
457 128 48
457 138 14
457 157 27
457 236 21
457 270 1
457 275 21
457 319 36
457 447 28
457 451 27
458 142 19
458 183 33
458 186 45
458 281 45
458 359 3
458 392 50
458 402 30
458 430 40
458 445 33
459 12 41
459 71 21
459 145 46
459 172 37
459 249 36
459 327 4
459 331 5
459 348 40
459 354 38
459 401 32
459 416 7
459 461 39
459 469 11
459 479 50
459 482 31
460 2 39
460 26 48
460 126 37
460 151 6
460 358 10
460 362 23
460 398 9
460 408 2
460 423 14
460 497 42
460 499 13
461 18 9
461 61 8
461 151 10
461 221 36
461 250 11
461 297 24
461 336 11
461 368 14
461 369 35
461 383 36
461 401 17
461 484 2
462 5 36
462 22 44
462 99 48
462 124 41
462 155 10
462 200 29
462 211 6
462 281 30
462 285 20
462 367 7
462 384 11
462 420 22
462 421 36
463 41 1
463 65 39
463 229 44
463 243 17
463 250 31
463 280 46
463 312 19
463 383 31
463 412 12
463 434 31
463 446 4
463 456 15
464 14 29
464 96 7
464 101 36
464 194 14
464 198 44
464 247 14
464 249 26
464 300 2
464 363 11
464 373 38
464 399 33
464 401 8
464 416 16
465 49 30
465 87 32
465 178 34
465 257 16
465 317 29
465 408 39
466 54 36
466 59 8
466 68 7
466 99 3
466 168 35
466 182 23
466 184 22
466 273 14
466 306 9
466 317 31
466 423 40
466 432 3
466 439 27
467 13 17
467 17 37
467 63 42
467 78 15
467 82 41
467 96 8
467 118 45
467 157 33
467 170 5
467 185 31
467 213 19
467 258 22
467 268 41
467 273 27
467 275 4
467 325 30
467 412 11
467 453 12
467 459 50
467 471 10
468 122 23
468 124 12
468 134 39
468 163 37
468 196 12
468 202 22
468 221 5
468 275 13
468 286 21
468 308 3
468 403 33
468 435 37
468 457 40
468 460 5
469 22 17
469 28 46
469 74 18
469 117 50
469 131 7
469 144 46
469 151 9
469 247 15
469 264 48
469 312 23
469 330 1
469 385 24
469 409 11
469 472 40
469 485 1
470 127 12
470 205 37
470 206 12
470 264 18
470 341 2
470 346 44
470 368 26
470 398 10
470 421 42
470 471 41
470 472 43
471 13 22
471 32 11
471 89 13
471 231 6
471 310 8
471 461 27
471 462 17
472 94 31
472 97 41
472 117 33
472 236 27
472 284 13
472 293 25
472 295 38
472 317 29
472 356 8
472 367 36
472 395 49
472 485 50
473 22 47
473 70 34
473 188 5
473 262 23
473 280 45
473 345 46
473 352 26
473 375 26
474 28 42
474 39 42
474 55 49
474 67 24
474 256 16
474 260 48
474 302 8
474 328 4
474 413 36
475 28 17
475 132 45
475 191 47
475 207 43
475 368 36
475 409 13
475 437 21
475 442 34
475 497 41
476 17 22
476 82 33
476 86 48
476 120 46
476 165 18
476 193 5
476 194 31
476 297 44
476 327 42
476 348 43
476 355 34
476 364 44
476 392 12
476 446 48
476 457 13
477 17 45
477 136 13
477 147 23
477 186 34
477 216 37
477 256 5
477 278 49
477 445 23
477 446 43
477 468 33
477 495 9
478 35 31
478 56 21
478 64 4
478 199 47
478 264 46
478 302 36
478 329 41
478 411 21
478 424 34
478 452 26
478 470 25
478 483 30
478 492 38
479 98 49
479 127 30
479 222 45
479 257 16
479 268 33
479 291 3
479 312 19
479 324 36
479 334 50
479 397 12
479 410 26
479 433 8
479 462 9
479 470 48
480 70 33
480 74 28
480 84 6
480 100 19
480 127 34
480 156 6
480 211 49
480 271 18
480 289 29
480 298 32
480 355 24
480 445 1
480 468 15
480 484 47
481 6 25
481 11 8
481 21 1
481 67 50
481 75 6
481 184 12
481 223 28
481 283 16
481 325 4
481 410 13
481 452 41
481 484 44
481 487 35
482 4 18
482 40 27
482 153 38
482 185 28
482 215 22
482 230 1
482 249 45
482 258 13
482 259 37
482 300 24
482 313 9
482 423 2
482 463 49
483 39 38
483 79 15
483 97 22
483 119 49
483 120 15
483 162 49
483 207 8
483 238 15
483 241 40
483 252 34
483 269 23
483 282 10
483 314 29
483 433 28
483 467 17
483 486 41
484 172 14
484 179 21
484 211 21
484 238 5
484 261 32
484 265 33
484 266 36
484 288 11
484 362 39
484 403 49
484 459 5
485 3 45
485 48 36
485 86 25
485 105 46
485 118 21
485 153 14
485 172 37
485 209 41
485 292 46
485 320 4
485 327 17
485 332 19
485 337 50
485 343 47
485 421 21
485 433 9
485 486 46
486 43 32
486 57 33
486 68 12
486 89 32
486 195 27
486 255 15
486 261 42
486 284 8
486 304 36
486 315 31
486 321 20
486 326 41
486 351 20
486 388 28
486 424 13
486 430 18
487 97 40
487 111 42
487 180 2
487 219 3
487 231 43
487 265 30
487 271 9
487 277 27
487 288 45
487 327 16
487 346 39
487 369 8
487 397 28
487 430 36
487 439 31
487 452 17
488 52 31
488 75 14
488 158 21
488 259 4
488 269 32
488 327 23
488 353 8
488 359 34
488 368 32
488 381 1
488 386 22
488 392 41
488 443 2
488 452 7
488 470 7
488 479 10
488 497 2
489 13 19
489 70 5
489 87 11
489 145 22
489 254 17
489 255 28
489 256 12
489 284 45
489 300 39
489 343 50
489 352 27
489 372 36
489 376 8
489 383 42
489 391 1
489 396 49
489 445 21
489 494 41
490 35 24
490 82 43
490 159 5
490 233 20
490 250 25
490 261 43
490 308 2
490 399 29
490 431 23
490 461 30
490 471 26
490 476 15
491 6 13
491 34 11
491 70 19
491 84 42
491 102 23
491 131 49
491 208 34
491 219 7
491 233 46
491 253 21
491 354 14
491 400 34
491 421 33
491 450 34
492 99 45
492 112 25
492 177 8
492 251 4
492 396 32
492 415 36
492 431 42
493 20 16
493 97 33
493 110 20
493 169 39
493 184 24
493 204 12
493 295 33
493 322 28
493 325 41
493 344 28
493 349 36
493 406 35
493 425 29
494 52 36
494 68 3
494 180 28
494 214 33
494 216 4
494 270 19
494 295 45
494 307 29
494 318 30
494 325 1
494 413 9
494 429 18
494 440 8
495 1 8
495 45 50
495 95 1
495 142 44
495 179 27
495 218 28
495 224 31
495 234 5
495 240 21
495 255 22
495 280 40
495 357 43
495 403 41
495 433 20
496 7 43
496 15 26
496 19 50
496 52 17
496 69 28
496 143 36
496 184 49
496 266 23
496 276 20
496 278 16
496 281 47
496 286 35
496 308 4
496 336 48
496 367 35
496 374 31
496 405 15
496 454 5
497 2 4
497 12 31
497 123 16
497 187 25
497 190 44
497 213 28
497 228 1
497 375 8
497 390 15
497 479 44
498 39 45
498 140 45
498 175 32
498 194 38
498 256 3
498 262 46
498 309 20
498 349 31
498 384 31
498 418 49
498 428 30
498 436 9
498 442 24
499 9 4
499 67 44
499 99 35
499 115 36
499 141 21
499 185 12
499 189 30
499 201 3
499 246 16
499 292 4
499 367 25
499 465 11